<?xml version="1.0" encoding="utf-8"?>
<ArrayOfStaticObject>
	<StaticObject>
		<id>StaticObject_0</id>
		<name>wall_straight_long.mesh</name>
		<createPhys>true</createPhys>
		<transform _00="0.9836407" _01="0.0374289639" _02="0.176199883" _03="0" _10="-0.0382446423" _11="0.999267638" _12="0.00123398891" _13="0" _20="-0.176024631" _21="-0.007952506" _22="0.9843517" _23="0" _30="9618.206" _31="15.217247" _32="8744.972" _33="1" />
		<meshFilePath>nso_mod\meshes\decoration\wall_straight_long.mesh</meshFilePath>
	</StaticObject>
	<StaticObject>
		<id>StaticObject_1</id>
		<name>wall_broken.mesh</name>
		<createPhys>true</createPhys>
		<transform _00="0.966229141" _01="-0.1894242" _02="0.174699083" _03="0" _10="0.192382708" _11="0.981319964" _12="-5.96046448E-08" _13="0" _20="-0.1714357" _21="0.03360913" _22="0.9846219" _23="0" _30="9636.14551" _31="14.8550072" _32="8745.628" _33="1" />
		<meshFilePath>nso_mod\meshes\decoration\wall_broken.mesh</meshFilePath>
	</StaticObject>
	<StaticObject>
		<id>StaticObject_0</id>
		<name>wall_straight_long.mesh</name>
		<createPhys>true</createPhys>
		<transform _00="0.879143536" _01="0.00263207033" _02="0.476549834" _03="0" _10="0.05117584" _11="0.993680537" _12="-0.09989793" _13="0" _20="-0.473801345" _21="0.112212479" _22="0.8734533" _23="0" _30="10201.3564" _31="6.860893" _32="8752.793" _33="1" />
		<meshFilePath>nso_mod\meshes\decoration\wall_straight_long.mesh</meshFilePath>
	</StaticObject>
	<StaticObject>
		<id>StaticObject_1</id>
		<name>wall_broken.mesh</name>
		<createPhys>true</createPhys>
		<transform _00="0.7933309" _01="0" _02="0.608790636" _03="0" _10="0" _11="1" _12="0" _13="0" _20="-0.608790636" _21="0" _22="0.7933309" _23="0" _30="10211.4355" _31="6.82292128" _32="8756.044" _33="1" />
		<meshFilePath>nso_mod\meshes\decoration\wall_broken.mesh</meshFilePath>
	</StaticObject>
	<StaticObject>
		<id>StaticObject_2</id>
		<name>wall_corner.mesh</name>
		<createPhys>true</createPhys>
		<transform _00="-0.8471142" _01="0" _02="0.5314109" _03="0" _10="0" _11="1" _12="0" _13="0" _20="-0.5314109" _21="0" _22="-0.8471142" _23="0" _30="10221.31" _31="7.055632" _32="8758.823" _33="1" />
		<meshFilePath>nso_mod\meshes\decoration\wall_corner.mesh</meshFilePath>
	</StaticObject>
	<StaticObject>
		<id>StaticObject_3</id>
		<name>wall_straight_long.mesh</name>
		<createPhys>true</createPhys>
		<transform _00="0.7524621" _01="-0.0178569928" _02="-0.658393443" _03="0" _10="-9.313193E-10" _11="0.999628842" _12="-0.0271120053" _13="0" _20="0.658635557" _21="0.02040083" _22="0.752185464" _23="0" _30="10597.002" _31="14.79606" _32="8752.169" _33="1" />
		<meshFilePath>nso_mod\meshes\decoration\wall_straight_long.mesh</meshFilePath>
	</StaticObject>
	<StaticObject>
		<id>StaticObject_4</id>
		<name>wall_corner.mesh</name>
		<createPhys>true</createPhys>
		<transform _00="0.8710399" _01="0" _02="-0.491212219" _03="0" _10="0" _11="1" _12="0" _13="0" _20="0.491212219" _21="0" _22="0.8710399" _23="0" _30="10613.2627" _31="14.309948" _32="8738.569" _33="1" />
		<meshFilePath>nso_mod\meshes\decoration\wall_corner.mesh</meshFilePath>
	</StaticObject>
	<StaticObject>
		<id>StaticObject_5</id>
		<name>wall_straight_short.mesh</name>
		<createPhys>true</createPhys>
		<transform _00="1" _01="0" _02="0" _03="0" _10="0" _11="1" _12="0" _13="0" _20="0" _21="0" _22="1" _23="0" _30="10573.4834" _31="14.8299646" _32="8760.685" _33="1" />
		<meshFilePath>nso_mod\meshes\decoration\wall_straight_short.mesh</meshFilePath>
	</StaticObject>
	<StaticObject>
		<id>StaticObject_6</id>
		<name>wall_broken.mesh</name>
		<createPhys>true</createPhys>
		<transform _00="0.898551762" _01="0" _02="-0.438867569" _03="0" _10="0" _11="1" _12="0" _13="0" _20="0.438867569" _21="0" _22="0.898551762" _23="0" _30="10641.9463" _31="17.0697021" _32="8794.391" _33="1" />
		<meshFilePath>nso_mod\meshes\decoration\wall_broken.mesh</meshFilePath>
	</StaticObject>
	<StaticObject>
		<id>StaticObject_7</id>
		<name>wall_corner.mesh</name>
		<createPhys>true</createPhys>
		<transform _00="-0.366957754" _01="0" _02="-0.9302376" _03="0" _10="0" _11="1" _12="0" _13="0" _20="0.9302376" _21="0" _22="-0.366957754" _23="0" _30="10634.2607" _31="17.3689919" _32="8805.462" _33="1" />
		<meshFilePath>nso_mod\meshes\decoration\wall_corner.mesh</meshFilePath>
	</StaticObject>
	<StaticObject>
		<id>StaticObject_8</id>
		<name>wall_straight_short.mesh</name>
		<createPhys>true</createPhys>
		<transform _00="0.776345551" _01="0" _02="-0.630307555" _03="0" _10="0" _11="1" _12="0" _13="0" _20="0.630307555" _21="0" _22="0.776345551" _23="0" _30="10633.251" _31="17.143877" _32="8820.168" _33="1" />
		<meshFilePath>nso_mod\meshes\decoration\wall_straight_short.mesh</meshFilePath>
	</StaticObject>
	<StaticObject>
		<id>StaticObject_9</id>
		<name>wall_straight_long.mesh</name>
		<createPhys>true</createPhys>
		<transform _00="0.9868529" _01="0" _02="0.161621228" _03="0" _10="0" _11="1" _12="0" _13="0" _20="-0.161621228" _21="0" _22="0.9868529" _23="0" _30="10708.7705" _31="13.5830564" _32="8875.226" _33="1" />
		<meshFilePath>nso_mod\meshes\decoration\wall_straight_long.mesh</meshFilePath>
	</StaticObject>
	<StaticObject>
		<id>StaticObject_10</id>
		<name>wall_corner.mesh</name>
		<createPhys>true</createPhys>
		<transform _00="1" _01="0" _02="0" _03="0" _10="0" _11="1" _12="0" _13="0" _20="0" _21="0" _22="1" _23="0" _30="10728.5752" _31="13.1412182" _32="8875.429" _33="1" />
		<meshFilePath>nso_mod\meshes\decoration\wall_corner.mesh</meshFilePath>
	</StaticObject>
	<StaticObject>
		<id>StaticObject_11</id>
		<name>wall_broken.mesh</name>
		<createPhys>true</createPhys>
		<transform _00="0.5941082" _01="0" _02="0.8043851" _03="0" _10="0" _11="1" _12="0" _13="0" _20="-0.8043851" _21="0" _22="0.5941082" _23="0" _30="10694.6338" _31="13.4519119" _32="8870.684" _33="1" />
		<meshFilePath>nso_mod\meshes\decoration\wall_broken.mesh</meshFilePath>
	</StaticObject>
	<StaticObject>
		<id>StaticObject_12</id>
		<name>wall_broken.mesh</name>
		<createPhys>true</createPhys>
		<transform _00="1" _01="0" _02="0" _03="0" _10="0" _11="1" _12="0" _13="0" _20="0" _21="0" _22="1" _23="0" _30="10623.9551" _31="16.5981388" _32="8831.225" _33="1" />
		<meshFilePath>nso_mod\meshes\decoration\wall_broken.mesh</meshFilePath>
	</StaticObject>
	<StaticObject>
		<id>StaticObject_13</id>
		<name>wall_straight_long.mesh</name>
		<createPhys>true</createPhys>
		<transform _00="0.445501924" _01="-0.15621534" _02="-1.69813919" _03="0" _10="0.06837467" _11="1.75534666" _12="-0.1435401" _13="0" _20="1.70393932" _21="-0.029595105" _22="0.449746042" _23="0" _30="10461.085" _31="5.6024313" _32="8653.947" _33="1" />
		<meshFilePath>nso_mod\meshes\decoration\wall_straight_long.mesh</meshFilePath>
	</StaticObject>
	<StaticObject>
		<id>StaticObject_14</id>
		<name>wall_straight_short.mesh</name>
		<createPhys>true</createPhys>
		<transform _00="0.028258333" _01="0" _02="-0.999600649" _03="0" _10="0" _11="1" _12="0" _13="0" _20="0.999600649" _21="0" _22="0.028258333" _23="0" _30="10462.0176" _31="4.822224" _32="8632.831" _33="1" />
		<meshFilePath>nso_mod\meshes\decoration\wall_straight_short.mesh</meshFilePath>
	</StaticObject>
	<StaticObject>
		<id>StaticObject_15</id>
		<name>wall_broken.mesh</name>
		<createPhys>true</createPhys>
		<transform _00="-0.237063691" _01="0" _02="0.971494138" _03="0" _10="0" _11="0.9999964" _12="0" _13="0" _20="-0.971494138" _21="0" _22="-0.237063691" _23="0" _30="10457.1445" _31="4.21653938" _32="8636.86" _33="1" />
		<meshFilePath>nso_mod\meshes\decoration\wall_broken.mesh</meshFilePath>
	</StaticObject>
	<StaticObject>
		<id>StaticObject_16</id>
		<name>wall_straight_long.mesh</name>
		<createPhys>true</createPhys>
		<transform _00="0.025176324" _01="0" _02="-0.999683" _03="0" _10="0" _11="1" _12="0" _13="0" _20="0.999683" _21="0" _22="0.025176324" _23="0" _30="10461.1768" _31="4.148355" _32="8619.281" _33="1" />
		<meshFilePath>nso_mod\meshes\decoration\wall_straight_long.mesh</meshFilePath>
	</StaticObject>
	<StaticObject>
		<id>StaticObject_17</id>
		<name>wall_corner.mesh</name>
		<createPhys>true</createPhys>
		<transform _00="0.248813257" _01="0" _02="-0.968551457" _03="0" _10="0" _11="1" _12="0" _13="0" _20="0.968551457" _21="0" _22="0.248813257" _23="0" _30="10475.8115" _31="4.41009665" _32="8525.456" _33="1" />
		<meshFilePath>nso_mod\meshes\decoration\wall_corner.mesh</meshFilePath>
	</StaticObject>
	<StaticObject>
		<id>StaticObject_18</id>
		<name>wall_straight_long.mesh</name>
		<createPhys>true</createPhys>
		<transform _00="0.0503934026" _01="0" _02="0.998729467" _03="0" _10="0" _11="1" _12="0" _13="0" _20="-0.998729467" _21="0" _22="0.0503934026" _23="0" _30="10476.4512" _31="4.41810942" _32="8558.873" _33="1" />
		<meshFilePath>nso_mod\meshes\decoration\wall_straight_long.mesh</meshFilePath>
	</StaticObject>
	<StaticObject>
		<id>StaticObject_19</id>
		<name>wall_broken.mesh</name>
		<createPhys>true</createPhys>
		<transform _00="1" _01="0" _02="0" _03="0" _10="0" _11="1" _12="0" _13="0" _20="0" _21="0" _22="1" _23="0" _30="10497.373" _31="4.38431454" _32="8520.367" _33="1" />
		<meshFilePath>nso_mod\meshes\decoration\wall_broken.mesh</meshFilePath>
	</StaticObject>
	<StaticObject>
		<id>StaticObject_20</id>
		<name>prop_bottle.mesh</name>
		<createPhys>true</createPhys>
		<transform _00="1" _01="0" _02="0" _03="0" _10="0" _11="1" _12="0" _13="0" _20="0" _21="0" _22="1" _23="0" _30="10548.6006" _31="1.81439173" _32="8808.884" _33="1" />
		<meshFilePath>meshes\prop_bottle.mesh</meshFilePath>
	</StaticObject>
	<StaticObject>
		<id>StaticObject_21</id>
		<name>prop_can.mesh</name>
		<createPhys>true</createPhys>
		<transform _00="1" _01="0" _02="0" _03="0" _10="0" _11="0.9138315" _12="-0.406093627" _13="0" _20="0" _21="0.406093627" _22="0.9138315" _23="0" _30="10546.5947" _31="1.83718312" _32="8806.868" _33="1" />
		<meshFilePath>meshes\prop_can.mesh</meshFilePath>
	</StaticObject>
	<StaticObject>
		<id>StaticObject_0</id>
		<name>wall_broken.mesh</name>
		<createPhys>true</createPhys>
		<transform _00="1.17274833" _01="-0.112856455" _02="-0.307365954" _03="0" _10="0.116391525" _11="1.21202362" _12="-0.000932858035" _13="0" _20="0.306044817" _21="-0.028482927" _22="1.17816567" _23="0" _30="10433.9346" _31="-1.88865983" _32="9507.795" _33="1" />
		<meshFilePath>nso_mod\meshes\decoration\wall_broken.mesh</meshFilePath>
	</StaticObject>
	<StaticObject>
		<id>StaticObject_1</id>
		<name>wall_corner.mesh</name>
		<createPhys>true</createPhys>
		<transform _00="0.992456734" _01="-0.0488434359" _02="-0.112445414" _03="0" _10="0.04919351" _11="0.9987892" _12="0.0003391523" _13="0" _20="0.112292707" _21="-0.00586816575" _22="0.9936579" _23="0" _30="10447.0234" _31="-2.67864132" _32="9505.061" _33="1" />
		<meshFilePath>nso_mod\meshes\decoration\wall_corner.mesh</meshFilePath>
	</StaticObject>
	<StaticObject>
		<id>StaticObject_2</id>
		<name>rail_link.mesh</name>
		<createPhys>false</createPhys>
		<transform _00="1" _01="0" _02="0" _03="0" _10="0" _11="1" _12="0" _13="0" _20="0" _21="0" _22="1" _23="0" _30="10453.6074" _31="-2.400889" _32="9502.203" _33="1" />
		<meshFilePath>nso_mod\meshes\rail_link.mesh</meshFilePath>
	</StaticObject>
	<StaticObject>
		<id>StaticObject_3</id>
		<name>rail_link.mesh</name>
		<createPhys>false</createPhys>
		<transform _00="0.745792" _01="0" _02="0.6661789" _03="0" _10="0" _11="1" _12="0" _13="0" _20="-0.6661789" _21="0" _22="0.745792" _23="0" _30="10451.2832" _31="-2.39163017" _32="9504.367" _33="1" />
		<meshFilePath>nso_mod\meshes\rail_link.mesh</meshFilePath>
	</StaticObject>
	<StaticObject>
		<id>StaticObject_4</id>
		<name>rail_link.mesh</name>
		<createPhys>false</createPhys>
		<transform _00="0.7479612" _01="0.0409199335" _02="0.6624798" _03="0" _10="-0.03063218" _11="0.999162436" _12="-0.0271313582" _13="0" _20="-0.6630352" _21="1.86264515E-09" _22="0.748588264" _23="0" _30="10455.3271" _31="-2.45280051" _32="9504.557" _33="1" />
		<meshFilePath>nso_mod\meshes\rail_link.mesh</meshFilePath>
	</StaticObject>
	<StaticObject>
		<id>StaticObject_5</id>
		<name>sea_weed03.mesh</name>
		<createPhys>false</createPhys>
		<transform _00="1" _01="0" _02="0" _03="0" _10="0" _11="1" _12="0" _13="0" _20="0" _21="0" _22="1" _23="0" _30="10439.5469" _31="-6.27547264" _32="9492.789" _33="1" />
		<meshFilePath>meshes\undersea_assets\sea_weed03.mesh</meshFilePath>
	</StaticObject>
	<StaticObject>
		<id>StaticObject_6</id>
		<name>sea_weed04.mesh</name>
		<createPhys>false</createPhys>
		<transform _00="0.7616998" _01="0" _02="0.6479301" _03="0" _10="0" _11="1" _12="0" _13="0" _20="-0.6479301" _21="0" _22="0.7616998" _23="0" _30="10441.6172" _31="-5.549749" _32="9493.065" _33="1" />
		<meshFilePath>meshes\undersea_assets\sea_weed04.mesh</meshFilePath>
	</StaticObject>
	<StaticObject>
		<id>StaticObject_7</id>
		<name>sea_weed02.mesh</name>
		<createPhys>false</createPhys>
		<transform _00="-0.173028052" _01="0" _02="0.9849169" _03="0" _10="0" _11="0.9999965" _12="0" _13="0" _20="-0.9849169" _21="0" _22="-0.173028052" _23="0" _30="10445.8936" _31="-4.929274" _32="9498.824" _33="1" />
		<meshFilePath>meshes\undersea_assets\sea_weed02.mesh</meshFilePath>
	</StaticObject>
	<StaticObject>
		<id>StaticObject_8</id>
		<name>sea_weed02.mesh</name>
		<createPhys>false</createPhys>
		<transform _00="-0.7766194" _01="-0.228802592" _02="-0.586951" _03="0" _10="-0.0949160755" _11="0.9635758" _12="-0.250029325" _13="0" _20="0.622778654" _21="-0.138466448" _22="-0.770048141" _23="0" _30="10438.583" _31="-5.028253" _32="9498.486" _33="1" />
		<meshFilePath>meshes\undersea_assets\sea_weed02.mesh</meshFilePath>
	</StaticObject>
	<StaticObject>
		<id>StaticObject_9</id>
		<name>sea_weed02.mesh</name>
		<createPhys>false</createPhys>
		<transform _00="1" _01="0" _02="0" _03="0" _10="0" _11="1" _12="0" _13="0" _20="0" _21="0" _22="1" _23="0" _30="10432.5332" _31="-6.5209465" _32="9492.39" _33="1" />
		<meshFilePath>meshes\undersea_assets\sea_weed02.mesh</meshFilePath>
	</StaticObject>
	<StaticObject>
		<id>StaticObject_10</id>
		<name>sea_weed05.mesh</name>
		<createPhys>false</createPhys>
		<transform _00="1" _01="0" _02="0" _03="0" _10="0" _11="0.9991651" _12="-0.04085355" _13="0" _20="0" _21="0.04085355" _22="0.9991651" _23="0" _30="10430.001" _31="-2.79576349" _32="9518.629" _33="1" />
		<meshFilePath>meshes\undersea_assets\sea_weed05.mesh</meshFilePath>
	</StaticObject>
	<StaticObject>
		<id>StaticObject_11</id>
		<name>sea_weed05.mesh</name>
		<createPhys>false</createPhys>
		<transform _00="1" _01="0" _02="0" _03="0" _10="0" _11="1" _12="0" _13="0" _20="0" _21="0" _22="1" _23="0" _30="10427.1406" _31="-3.88183784" _32="9516.431" _33="1" />
		<meshFilePath>meshes\undersea_assets\sea_weed05.mesh</meshFilePath>
	</StaticObject>
	<StaticObject>
		<id>StaticObject_12</id>
		<name>wall_broken.mesh</name>
		<createPhys>true</createPhys>
		<transform _00="-2.393141" _01="0.382448941" _02="-0.319883764" _03="0" _10="0.3513366" _11="2.406355" _12="0.248558387" _13="0" _20="0.353774577" _21="0.197357833" _22="-2.41072917" _23="0" _30="10392.0713" _31="-2.89823341" _32="9509.943" _33="1" />
		<meshFilePath>nso_mod\meshes\decoration\wall_broken.mesh</meshFilePath>
	</StaticObject>
	<StaticObject>
		<id>StaticObject_13</id>
		<name>prop_saucepan.mesh</name>
		<createPhys>false</createPhys>
		<transform _00="1" _01="0" _02="0" _03="0" _10="0" _11="0.9806434" _12="-0.19580242" _13="0" _20="0" _21="0.19580242" _22="0.9806434" _23="0" _30="10386.5352" _31="-2.68766379" _32="9512.049" _33="1" />
		<meshFilePath>meshes\prop_saucepan.mesh</meshFilePath>
	</StaticObject>
	<StaticObject>
		<id>StaticObject_14</id>
		<name>prop_can.mesh</name>
		<createPhys>false</createPhys>
		<transform _00="0.0559771657" _01="0.970301151" _02="-0.235334441" _03="0" _10="-0.8607025" _11="-0.07256284" _12="-0.5039105" _13="0" _20="-0.50602144" _21="0.23076044" _22="0.831078768" _23="0" _30="10387.6689" _31="-2.70968175" _32="9511.688" _33="1" />
		<meshFilePath>meshes\prop_can.mesh</meshFilePath>
	</StaticObject>
	<StaticObject>
		<id>StaticObject_22</id>
		<name>house_clay.mesh</name>
		<createPhys>true</createPhys>
		<transform _00="0.5832859" _01="0" _02="-0.8122669" _03="0" _10="0" _11="1" _12="0" _13="0" _20="0.8122669" _21="0" _22="0.5832859" _23="0" _30="10300.6455" _31="3.17501831" _32="8947.426" _33="1" />
		<meshFilePath>nso_mod\meshes\structures\house_clay.mesh</meshFilePath>
	</StaticObject>
	<StaticObject>
		<id>StaticObject_23</id>
		<name>house_clay.mesh</name>
		<createPhys>true</createPhys>
		<transform _00="-0.573721468" _01="-0.03535933" _02="0.818286836" _03="0" _10="-0.0248963926" _11="0.9993527" _12="0.0257279575" _13="0" _20="-0.818672" _21="-0.005611743" _22="-0.574233949" _23="0" _30="10292.6055" _31="3.78394723" _32="8941.585" _33="1" />
		<meshFilePath>nso_mod\meshes\structures\house_clay.mesh</meshFilePath>
	</StaticObject>
	<StaticObject>
		<id>StaticObject_24</id>
		<name>house_clay.mesh</name>
		<createPhys>true</createPhys>
		<transform _00="0.913972" _01="0" _02="0.687235951" _03="0" _10="0" _11="1.14352" _12="0" _13="0" _20="-0.687235951" _21="0" _22="0.913972" _23="0" _30="10307.3711" _31="3.92720437" _32="8947.508" _33="1" />
		<meshFilePath>nso_mod\meshes\structures\house_clay.mesh</meshFilePath>
	</StaticObject>
	<StaticObject>
		<id>StaticObject_25</id>
		<name>house_clay.mesh</name>
		<createPhys>true</createPhys>
		<transform _00="-0.559259236" _01="0" _02="-0.828992844" _03="0" _10="0" _11="0.99999696" _12="0" _13="0" _20="0.828992844" _21="0" _22="-0.559259236" _23="0" _30="10351.4014" _31="4.217739" _32="8942.55" _33="1" />
		<meshFilePath>nso_mod\meshes\structures\house_clay.mesh</meshFilePath>
	</StaticObject>
	<StaticObject>
		<id>StaticObject_26</id>
		<name>castle_tower_ruins.mesh</name>
		<createPhys>true</createPhys>
		<transform _00="0.9997375" _01="0" _02="0.0229109488" _03="0" _10="0" _11="1" _12="0" _13="0" _20="-0.0229109488" _21="0" _22="0.9997375" _23="0" _30="10373.0908" _31="3.4044466" _32="8939.981" _33="1" />
		<meshFilePath>nso_mod\meshes\structures\castle_tower_ruins.mesh</meshFilePath>
	</StaticObject>
	<StaticObject>
		<id>StaticObject_27</id>
		<name>wall_broken.mesh</name>
		<createPhys>true</createPhys>
		<transform _00="0.9855665" _01="0" _02="0.169288591" _03="0" _10="0" _11="1" _12="0" _13="0" _20="-0.169288591" _21="0" _22="0.9855665" _23="0" _30="10362.9131" _31="4.2810173" _32="8941.457" _33="1" />
		<meshFilePath>nso_mod\meshes\decoration\wall_broken.mesh</meshFilePath>
	</StaticObject>
	<StaticObject>
		<id>StaticObject_28</id>
		<name>wall_corner.mesh</name>
		<createPhys>true</createPhys>
		<transform _00="0.2964454" _01="0" _02="-0.9550498" _03="0" _10="0" _11="1" _12="0" _13="0" _20="0.9550498" _21="0" _22="0.2964454" _23="0" _30="10361.5811" _31="4.3238554" _32="8933.148" _33="1" />
		<meshFilePath>nso_mod\meshes\decoration\wall_corner.mesh</meshFilePath>
	</StaticObject>
	<StaticObject>
		<id>StaticObject_29</id>
		<name>wall_straight_short.mesh</name>
		<createPhys>true</createPhys>
		<transform _00="0.628613055" _01="0" _02="-0.9452601" _03="0" _10="0" _11="1.13519645" _12="0" _13="0" _20="0.9452601" _21="0" _22="0.628613055" _23="0" _30="10334.01" _31="4.577837" _32="8966.98" _33="1" />
		<meshFilePath>nso_mod\meshes\decoration\wall_straight_short.mesh</meshFilePath>
	</StaticObject>
	<StaticObject>
		<id>StaticObject_30</id>
		<name>wall_straight_long.mesh</name>
		<createPhys>true</createPhys>
		<transform _00="0.7357247" _01="0.0484023131" _02="0.675548851" _03="0" _10="-0.0656467155" _11="0.997842968" _12="0" _13="0" _20="-0.674091637" _21="-0.0443475656" _22="0.7373151" _23="0" _30="10323.8926" _31="3.77749467" _32="8967.355" _33="1" />
		<meshFilePath>nso_mod\meshes\decoration\wall_straight_long.mesh</meshFilePath>
	</StaticObject>
	<StaticObject>
		<id>StaticObject_31</id>
		<name>house_clay.mesh</name>
		<createPhys>true</createPhys>
		<transform _00="-0.8056717" _01="0" _02="0.592362344" _03="0" _10="0" _11="1" _12="0" _13="0" _20="-0.592362344" _21="0" _22="-0.8056717" _23="0" _30="10325.2129" _31="3.87392163" _32="8955.013" _33="1" />
		<meshFilePath>nso_mod\meshes\structures\house_clay.mesh</meshFilePath>
	</StaticObject>
	<StaticObject>
		<id>StaticObject_32</id>
		<name>house_clay.mesh</name>
		<createPhys>true</createPhys>
		<transform _00="0.1960663" _01="0" _02="-0.980590641" _03="0" _10="0" _11="1" _12="0" _13="0" _20="0.980590641" _21="0" _22="0.1960663" _23="0" _30="10393.2686" _31="4.449033" _32="8774.816" _33="1" />
		<meshFilePath>nso_mod\meshes\structures\house_clay.mesh</meshFilePath>
	</StaticObject>
	<StaticObject>
		<id>StaticObject_33</id>
		<name>house_clay.mesh</name>
		<createPhys>true</createPhys>
		<transform _00="0.0277869254" _01="0" _02="-0.9996139" _03="0" _10="0" _11="1" _12="0" _13="0" _20="0.9996139" _21="0" _22="0.0277869254" _23="0" _30="10493.4941" _31="4.32124758" _32="8501.72949" _33="1" />
		<meshFilePath>nso_mod\meshes\structures\house_clay.mesh</meshFilePath>
	</StaticObject>
	<StaticObject>
		<id>StaticObject_34</id>
		<name>house_clay.mesh</name>
		<createPhys>true</createPhys>
		<transform _00="-0.7773663" _01="0" _02="0.6290482" _03="0" _10="0" _11="1" _12="0" _13="0" _20="-0.6290482" _21="0" _22="-0.7773663" _23="0" _30="10235.8486" _31="2.283685" _32="8831.507" _33="1" />
		<meshFilePath>nso_mod\meshes\structures\house_clay.mesh</meshFilePath>
	</StaticObject>
	<StaticObject>
		<id>StaticObject_35</id>
		<name>house_clay.mesh</name>
		<createPhys>true</createPhys>
		<transform _00="-0.5420807" _01="0" _02="-0.8403264" _03="0" _10="0" _11="0.9999969" _12="0" _13="0" _20="0.8403264" _21="0" _22="-0.5420807" _23="0" _30="10283.6748" _31="2.934667" _32="8906.205" _33="1" />
		<meshFilePath>nso_mod\meshes\structures\house_clay.mesh</meshFilePath>
	</StaticObject>
	<StaticObject>
		<id>StaticObject_36</id>
		<name>house_clay.mesh</name>
		<createPhys>true</createPhys>
		<transform _00="-0.80115515" _01="0" _02="-0.5984567" _03="0" _10="0" _11="0.99999696" _12="0" _13="0" _20="0.5984567" _21="0" _22="-0.80115515" _23="0" _30="10270.165" _31="3.395988" _32="8920.619" _33="1" />
		<meshFilePath>nso_mod\meshes\structures\house_clay.mesh</meshFilePath>
	</StaticObject>
	<StaticObject>
		<id>StaticObject_37</id>
		<name>house_clay.mesh</name>
		<createPhys>true</createPhys>
		<transform _00="-0.99794805" _01="0" _02="-0.0640289262" _03="0" _10="0" _11="1" _12="0" _13="0" _20="0.0640289262" _21="0" _22="-0.99794805" _23="0" _30="10375.1006" _31="4.28096437" _32="8916.309" _33="1" />
		<meshFilePath>nso_mod\meshes\structures\house_clay.mesh</meshFilePath>
	</StaticObject>
	<StaticObject>
		<id>StaticObject_38</id>
		<name>wall_corner.mesh</name>
		<createPhys>true</createPhys>
		<transform _00="0.87719357" _01="0" _02="-0.480136871" _03="0" _10="0" _11="1" _12="0" _13="0" _20="0.480136871" _21="0" _22="0.87719357" _23="0" _30="10297.7627" _31="3.40689874" _32="8928.632" _33="1" />
		<meshFilePath>nso_mod\meshes\decoration\wall_corner.mesh</meshFilePath>
	</StaticObject>
	<StaticObject>
		<id>StaticObject_39</id>
		<name>workbench.mesh</name>
		<createPhys>true</createPhys>
		<transform _00="0.113258436" _01="0" _02="-0.993565559" _03="0" _10="0" _11="1" _12="0" _13="0" _20="0.993565559" _21="0" _22="0.113258436" _23="0" _30="10366.3115" _31="5.78089333" _32="8883.27" _33="1" />
		<meshFilePath>meshes\workbench.mesh</meshFilePath>
		<physMeshFilePath>meshes\workbench_phys.phys</physMeshFilePath>
	</StaticObject>
	<StaticObject>
		<id>StaticObject_2</id>
		<name>wall_corner.mesh</name>
		<createPhys>true</createPhys>
		<transform _00="-0.9232296" _01="0" _02="-0.384248853" _03="0" _10="0" _11="1" _12="0" _13="0" _20="0.384248853" _21="0" _22="-0.9232296" _23="0" _30="9587.194" _31="18.76262" _32="8957.135" _33="1" />
		<meshFilePath>nso_mod\meshes\decoration\wall_corner.mesh</meshFilePath>
	</StaticObject>
	<StaticObject>
		<id>StaticObject_3</id>
		<name>wall_broken.mesh</name>
		<createPhys>true</createPhys>
		<transform _00="0.734818041" _01="0" _02="0.67826426" _03="0" _10="0" _11="1" _12="0" _13="0" _20="-0.67826426" _21="0" _22="0.734818041" _23="0" _30="9598.833" _31="18.5397511" _32="8963.232" _33="1" />
		<meshFilePath>nso_mod\meshes\decoration\wall_broken.mesh</meshFilePath>
	</StaticObject>
	<StaticObject>
		<id>StaticObject_4</id>
		<name>workbench_static.mesh</name>
		<createPhys>true</createPhys>
		<transform _00="1" _01="0" _02="0" _03="0" _10="0" _11="1" _12="0" _13="0" _20="0" _21="0" _22="1" _23="0" _30="9585.032" _31="18.6269054" _32="8952.243" _33="1" />
		<meshFilePath>meshes\workbench_static.mesh</meshFilePath>
	</StaticObject>
	<StaticObject>
		<id>StaticObject_5</id>
		<name>workbench_static.mesh</name>
		<createPhys>true</createPhys>
		<transform _00="7.90753631E-07" _01="0" _02="1" _03="0" _10="0" _11="1" _12="0" _13="0" _20="-1" _21="0" _22="7.90753631E-07" _23="0" _30="9793.342" _31="3.30872631" _32="8845.267" _33="1" />
		<meshFilePath>meshes\workbench_static.mesh</meshFilePath>
	</StaticObject>
	<StaticObject>
		<id>StaticObject_0</id>
		<name>workbench_static.mesh</name>
		<createPhys>true</createPhys>
		<transform _00="7.90753631E-07" _01="0" _02="-1" _03="0" _10="0" _11="1" _12="0" _13="0" _20="1" _21="0" _22="7.90753631E-07" _23="0" _30="9609.255" _31="2.98272085" _32="9017.241" _33="1" />
		<meshFilePath>meshes\workbench_static.mesh</meshFilePath>
	</StaticObject>
	<StaticObject>
		<id>StaticObject_1</id>
		<name>wall_straight_short.mesh</name>
		<createPhys>true</createPhys>
		<transform _00="0.9957694" _01="0" _02="0.09188791" _03="0" _10="0" _11="1" _12="0" _13="0" _20="-0.09188791" _21="0" _22="0.9957694" _23="0" _30="9610.699" _31="3.4433403" _32="9017.877" _33="1" />
		<meshFilePath>nso_mod\meshes\decoration\wall_straight_short.mesh</meshFilePath>
	</StaticObject>
	<StaticObject>
		<id>StaticObject_2</id>
		<name>wall_broken.mesh</name>
		<createPhys>true</createPhys>
		<transform _00="1" _01="0" _02="0" _03="0" _10="0" _11="1" _12="0" _13="0" _20="0" _21="0" _22="1" _23="0" _30="9617.692" _31="2.7449882" _32="9017.443" _33="1" />
		<meshFilePath>nso_mod\meshes\decoration\wall_broken.mesh</meshFilePath>
	</StaticObject>
	<StaticObject>
		<id>StaticObject_3</id>
		<name>rocks_slab_small_01.mesh</name>
		<createPhys>true</createPhys>
		<transform _00="0.7826281" _01="0" _02="0.6224896" _03="0" _10="0" _11="1" _12="0" _13="0" _20="-0.6224896" _21="0" _22="0.7826281" _23="0" _30="9614.976" _31="3.05938268" _32="9026.802" _33="1" />
		<meshFilePath>nso_mod\meshes\nature\rocks_slab_small_01.mesh</meshFilePath>
		<physMeshFilePath>nso_mod\meshes\nature\rocks_slab_small_01.phys</physMeshFilePath>
	</StaticObject>
	<StaticObject>
		<id>StaticObject_4</id>
		<name>rocks_pillar_small_01.mesh</name>
		<createPhys>true</createPhys>
		<transform _00="0.985660434" _01="0.0495717749" _02="-0.161295563" _03="0" _10="-0.168741211" _11="0.289561" _12="-0.94216764" _13="0" _20="-1.49011612E-08" _21="0.955875039" _22="0.29377377" _23="0" _30="9609.035" _31="2.47253036" _32="9028.988" _33="1" />
		<meshFilePath>nso_mod\meshes\nature\rocks_pillar_small_01.mesh</meshFilePath>
	</StaticObject>
	<StaticObject>
		<id>StaticObject_5</id>
		<name>rocks_slab_small_01.mesh</name>
		<createPhys>true</createPhys>
		<transform _00="0.152799666" _01="0" _02="-0.5834419" _03="0" _10="0" _11="0.6031187" _12="0" _13="0" _20="0.5834419" _21="0" _22="0.152799666" _23="0" _30="9618.307" _31="2.71977115" _32="9036.699" _33="1" />
		<meshFilePath>nso_mod\meshes\nature\rocks_slab_small_01.mesh</meshFilePath>
		<physMeshFilePath>nso_mod\meshes\nature\rocks_slab_small_01.phys</physMeshFilePath>
	</StaticObject>
	<StaticObject>
		<id>StaticObject_6</id>
		<name>wood_stacked.mesh</name>
		<createPhys>true</createPhys>
		<transform _00="0.860805035" _01="0" _02="0.5089344" _03="0" _10="0" _11="1" _12="0" _13="0" _20="-0.5089344" _21="0" _22="0.860805035" _23="0" _30="9619.399" _31="3.503438" _32="9022.846" _33="1" />
		<meshFilePath>nso_mod\meshes\decoration\wood_stacked.mesh</meshFilePath>
	</StaticObject>
	<StaticObject>
		<id>StaticObject_7</id>
		<name>wood_stacked.mesh</name>
		<createPhys>true</createPhys>
		<transform _00="1" _01="0" _02="0" _03="0" _10="0" _11="1" _12="0" _13="0" _20="0" _21="0" _22="1" _23="0" _30="9616.981" _31="3.39401746" _32="9022.078" _33="1" />
		<meshFilePath>nso_mod\meshes\decoration\wood_stacked.mesh</meshFilePath>
	</StaticObject>
	<StaticObject>
		<id>StaticObject_6</id>
		<name>wood_stacked.mesh</name>
		<createPhys>true</createPhys>
		<transform _00="0.8401088" _01="0" _02="-0.542417943" _03="0" _10="0" _11="1" _12="0" _13="0" _20="0.542417943" _21="0" _22="0.8401088" _23="0" _30="9586.471" _31="18.8754253" _32="8957.297" _33="1" />
		<meshFilePath>nso_mod\meshes\decoration\wood_stacked.mesh</meshFilePath>
	</StaticObject>
	<StaticObject>
		<id>StaticObject_8</id>
		<name>barricade.mesh</name>
		<createPhys>true</createPhys>
		<transform _00="0.682750344" _01="0" _02="-0.730651736" _03="0" _10="0" _11="1" _12="0" _13="0" _20="0.730651736" _21="0" _22="0.682750344" _23="0" _30="9623.805" _31="3.444167" _32="9021.197" _33="1" />
		<meshFilePath>nso_mod\meshes\decoration\barricade.mesh</meshFilePath>
	</StaticObject>
	<StaticObject>
		<id>StaticObject_9</id>
		<name>barricade.mesh</name>
		<createPhys>true</createPhys>
		<transform _00="0.9226153" _01="0.00143792061" _02="-0.38571766" _03="0" _10="-0.00490105525" _11="0.999956" _12="-0.007995304" _13="0" _20="0.385689378" _21="0.009267017" _22="0.92258215" _23="0" _30="9626.848" _31="3.55899048" _32="9025.758" _33="1" />
		<meshFilePath>nso_mod\meshes\decoration\barricade.mesh</meshFilePath>
	</StaticObject>
	<StaticObject>
		<id>StaticObject_10</id>
		<name>barricade.mesh</name>
		<createPhys>true</createPhys>
		<transform _00="1" _01="0" _02="0" _03="0" _10="0" _11="1" _12="0" _13="0" _20="0" _21="0" _22="1" _23="0" _30="9628.243" _31="3.75563717" _32="9040.199" _33="1" />
		<meshFilePath>nso_mod\meshes\decoration\barricade.mesh</meshFilePath>
	</StaticObject>
	<StaticObject>
		<id>StaticObject_11</id>
		<name>rocks_slab_small_01.mesh</name>
		<createPhys>true</createPhys>
		<transform _00="0.989873648" _01="-0.141951442" _02="0" _03="0" _10="0.141951442" _11="0.989873648" _12="0" _13="0" _20="0" _21="0" _22="1" _23="0" _30="9623.068" _31="2.36158085" _32="9046.871" _33="1" />
		<meshFilePath>nso_mod\meshes\nature\rocks_slab_small_01.mesh</meshFilePath>
		<physMeshFilePath>nso_mod\meshes\nature\rocks_slab_small_01.phys</physMeshFilePath>
	</StaticObject>
	<StaticObject>
		<id>StaticObject_7</id>
		<name>rocks_slab_small_01.mesh</name>
		<createPhys>true</createPhys>
		<transform _00="0.7893439" _01="0" _02="0.6139513" _03="0" _10="0" _11="1" _12="0" _13="0" _20="-0.6139513" _21="0" _22="0.7893439" _23="0" _30="9720.965" _31="3.01944017" _32="8849.736" _33="1" />
		<meshFilePath>nso_mod\meshes\nature\rocks_slab_small_01.mesh</meshFilePath>
		<physMeshFilePath>nso_mod\meshes\nature\rocks_slab_small_01.phys</physMeshFilePath>
	</StaticObject>
	<StaticObject>
		<id>StaticObject_12</id>
		<name>anchor_rusted.mesh</name>
		<createPhys>true</createPhys>
		<transform _00="-0.03274671" _01="-0.785817444" _02="0.6175913" _03="0" _10="0.940628" _11="-0.233111888" _12="-0.246734187" _13="0" _20="0.3378559" _21="0.5728439" _22="0.7467955" _23="0" _30="9768.167" _31="-14.3175583" _32="9019.757" _33="1" />
		<meshFilePath>nso_mod\meshes\decoration\anchor_rusted.mesh</meshFilePath>
	</StaticObject>
	<StaticObject>
		<id>StaticObject_13</id>
		<name>wall_corner.mesh</name>
		<createPhys>true</createPhys>
		<transform _00="1" _01="0" _02="0" _03="0" _10="0" _11="0.9951599" _12="0.09826853" _13="0" _20="0" _21="-0.09826853" _22="0.9951599" _23="0" _30="9767.771" _31="-14.4256468" _32="9013.192" _33="1" />
		<meshFilePath>nso_mod\meshes\decoration\wall_corner.mesh</meshFilePath>
	</StaticObject>
	<StaticObject>
		<id>StaticObject_14</id>
		<name>wall_broken.mesh</name>
		<createPhys>true</createPhys>
		<transform _00="0.98099333" _01="-0.194041386" _02="0" _03="0" _10="0.194041386" _11="0.98099333" _12="0" _13="0" _20="0" _21="0" _22="1" _23="0" _30="9775.484" _31="-15.2558088" _32="9016.023" _33="1" />
		<meshFilePath>nso_mod\meshes\decoration\wall_broken.mesh</meshFilePath>
	</StaticObject>
	<StaticObject>
		<id>StaticObject_15</id>
		<name>wall_broken.mesh</name>
		<createPhys>true</createPhys>
		<transform _00="0.373342335" _01="-0.161703587" _02="0.9134919" _03="0" _10="-7.450581E-09" _11="0.9846914" _12="0.1743071" _13="0" _20="-0.927693665" _21="-0.06507622" _22="0.367626965" _23="0" _30="9763.515" _31="-13.9971161" _32="9015.693" _33="1" />
		<meshFilePath>nso_mod\meshes\decoration\wall_broken.mesh</meshFilePath>
	</StaticObject>
	<StaticObject>
		<id>StaticObject_16</id>
		<name>sea_weed02.mesh</name>
		<createPhys>false</createPhys>
		<transform _00="1" _01="0" _02="0" _03="0" _10="0" _11="1" _12="0" _13="0" _20="0" _21="0" _22="1" _23="0" _30="9769.905" _31="-15.6182375" _32="9017.972" _33="1" />
		<meshFilePath>meshes\undersea_assets\sea_weed02.mesh</meshFilePath>
	</StaticObject>
	<StaticObject>
		<id>StaticObject_17</id>
		<name>sea_weed02.mesh</name>
		<createPhys>false</createPhys>
		<transform _00="-0.598095834" _01="0" _02="0.085916996" _03="0" _10="0" _11="0.604235351" _12="0" _13="0" _20="-0.085916996" _21="0" _22="-0.598095834" _23="0" _30="9767.57" _31="-15.4184456" _32="9016.691" _33="1" />
		<meshFilePath>meshes\undersea_assets\sea_weed02.mesh</meshFilePath>
	</StaticObject>
	<StaticObject>
		<id>StaticObject_18</id>
		<name>sea_weed02.mesh</name>
		<createPhys>false</createPhys>
		<transform _00="0.0243136324" _01="0" _02="-0.999704361" _03="0" _10="0" _11="1" _12="0" _13="0" _20="0.999704361" _21="0" _22="0.0243136324" _23="0" _30="9770.321" _31="-15.3296051" _32="9015.084" _33="1" />
		<meshFilePath>meshes\undersea_assets\sea_weed02.mesh</meshFilePath>
	</StaticObject>
	<StaticObject>
		<id>StaticObject_19</id>
		<name>sea_weed03.mesh</name>
		<createPhys>false</createPhys>
		<transform _00="0.08375212" _01="0" _02="-0.9964866" _03="0" _10="0" _11="1" _12="0" _13="0" _20="0.9964866" _21="0" _22="0.08375212" _23="0" _30="9764.71" _31="-15.1263514" _32="9017.483" _33="1" />
		<meshFilePath>meshes\undersea_assets\sea_weed03.mesh</meshFilePath>
	</StaticObject>
	<StaticObject>
		<id>StaticObject_20</id>
		<name>sea_weed04.mesh</name>
		<createPhys>false</createPhys>
		<transform _00="0.932573" _01="0" _02="0.360981435" _03="0" _10="0" _11="1" _12="0" _13="0" _20="-0.360981435" _21="0" _22="0.932573" _23="0" _30="9764.936" _31="-14.30821" _32="9011.577" _33="1" />
		<meshFilePath>meshes\undersea_assets\sea_weed04.mesh</meshFilePath>
	</StaticObject>
	<StaticObject>
		<id>StaticObject_21</id>
		<name>sea_weed02.mesh</name>
		<createPhys>false</createPhys>
		<transform _00="1" _01="0" _02="0" _03="0" _10="0" _11="1" _12="0" _13="0" _20="0" _21="0" _22="1" _23="0" _30="9759.5" _31="-14.1111984" _32="9007.001" _33="1" />
		<meshFilePath>meshes\undersea_assets\sea_weed02.mesh</meshFilePath>
	</StaticObject>
	<StaticObject>
		<id>StaticObject_15</id>
		<name>rocks_slab_small_01.mesh</name>
		<createPhys>true</createPhys>
		<transform _00="6.509657" _01="1.02461576" _02="-1.44248688" _03="0" _10="-1.00035012" _11="6.667563" _12="0.221669137" _13="0" _20="1.45941961" _21="1.63346158E-07" _22="6.586071" _23="0" _30="10450.3936" _31="-15.2822771" _32="9166.8125" _33="1" />
		<meshFilePath>nso_mod\meshes\nature\rocks_slab_small_01.mesh</meshFilePath>
		<physMeshFilePath>nso_mod\meshes\nature\rocks_slab_small_01.phys</physMeshFilePath>
	</StaticObject>
	<StaticObject>
		<id>StaticObject_16</id>
		<name>rocks_slab_small_01.mesh</name>
		<createPhys>true</createPhys>
		<transform _00="0.9984494" _01="0.0556670465" _02="0" _03="0" _10="-0.0556670465" _11="0.9984494" _12="0" _13="0" _20="0" _21="0" _22="1" _23="0" _30="10123.2588" _31="-28.3766174" _32="9117.329" _33="1" />
		<meshFilePath>nso_mod\meshes\nature\rocks_slab_small_01.mesh</meshFilePath>
		<physMeshFilePath>nso_mod\meshes\nature\rocks_slab_small_01.phys</physMeshFilePath>
	</StaticObject>
	<StaticObject>
		<id>StaticObject_17</id>
		<name>rocks_slab_small_01.mesh</name>
		<createPhys>true</createPhys>
		<transform _00="3.37104344" _01="-1.03938508" _02="4.553394" _03="0" _10="0.542090952" _11="5.66468" _12="0.8917242" _13="0" _20="-4.63894939" _21="-0.0933484" _22="3.41307449" _23="0" _30="10125.876" _31="-28.1769447" _32="9087.416" _33="1" />
		<meshFilePath>nso_mod\meshes\nature\rocks_slab_small_01.mesh</meshFilePath>
		<physMeshFilePath>nso_mod\meshes\nature\rocks_slab_small_01.phys</physMeshFilePath>
	</StaticObject>
	<StaticObject>
		<id>StaticObject_8</id>
		<name>workbench.mesh</name>
		<createPhys>true</createPhys>
		<transform _00="7.90753631E-07" _01="0" _02="1" _03="0" _10="0" _11="1" _12="0" _13="0" _20="-1" _21="0" _22="7.90753631E-07" _23="0" _30="9789.67" _31="4.284555" _32="8845.703" _33="1" />
		<meshFilePath>meshes\workbench.mesh</meshFilePath>
		<physMeshFilePath>meshes\workbench_phys.phys</physMeshFilePath>
	</StaticObject>
	<StaticObject>
		<id>StaticObject_22</id>
		<name>rocks_slab_small_01.mesh</name>
		<createPhys>true</createPhys>
		<transform _00="0.4434678" _01="0" _02="0.8962903" _03="0" _10="0" _11="1" _12="0" _13="0" _20="-0.8962903" _21="0" _22="0.4434678" _23="0" _30="9925.981" _31="-29.0388317" _32="9210.331" _33="1" />
		<meshFilePath>nso_mod\meshes\nature\rocks_slab_small_01.mesh</meshFilePath>
		<physMeshFilePath>nso_mod\meshes\nature\rocks_slab_small_01.phys</physMeshFilePath>
	</StaticObject>
	<StaticObject>
		<id>StaticObject_23</id>
		<name>sea_weed02.mesh</name>
		<createPhys>false</createPhys>
		<transform _00="1" _01="0" _02="0" _03="0" _10="0" _11="1" _12="0" _13="0" _20="0" _21="0" _22="1" _23="0" _30="9919.174" _31="-29.6710339" _32="9211.611" _33="1" />
		<meshFilePath>meshes\undersea_assets\sea_weed02.mesh</meshFilePath>
	</StaticObject>
	<StaticObject>
		<id>StaticObject_24</id>
		<name>sea_weed02.mesh</name>
		<createPhys>false</createPhys>
		<transform _00="-0.983353" _01="0" _02="0.18170552" _03="0" _10="0" _11="1" _12="0" _13="0" _20="-0.18170552" _21="0" _22="-0.983353" _23="0" _30="9919.804" _31="-29.5373211" _32="9220.877" _33="1" />
		<meshFilePath>meshes\undersea_assets\sea_weed02.mesh</meshFilePath>
	</StaticObject>
	<StaticObject>
		<id>StaticObject_25</id>
		<name>sea_weed03.mesh</name>
		<createPhys>false</createPhys>
		<transform _00="0.406517476" _01="0" _02="-0.913643" _03="0" _10="0" _11="1" _12="0" _13="0" _20="0.913643" _21="0" _22="0.406517476" _23="0" _30="9925.266" _31="-28.8260975" _32="9195.719" _33="1" />
		<meshFilePath>meshes\undersea_assets\sea_weed03.mesh</meshFilePath>
	</StaticObject>
	<StaticObject>
		<id>StaticObject_26</id>
		<name>sea_weed02.mesh</name>
		<createPhys>false</createPhys>
		<transform _00="0.7440111" _01="0" _02="0.421990931" _03="0" _10="0" _11="0.855353057" _12="0" _13="0" _20="-0.421990931" _21="0" _22="0.7440111" _23="0" _30="9912.895" _31="-27.6206322" _32="9178.924" _33="1" />
		<meshFilePath>meshes\undersea_assets\sea_weed02.mesh</meshFilePath>
	</StaticObject>
	<StaticObject>
		<id>StaticObject_27</id>
		<name>sea_weed03.mesh</name>
		<createPhys>false</createPhys>
		<transform _00="1" _01="0" _02="0" _03="0" _10="0" _11="1" _12="0" _13="0" _20="0" _21="0" _22="1" _23="0" _30="9959.051" _31="-29.7139874" _32="9185.435" _33="1" />
		<meshFilePath>meshes\undersea_assets\sea_weed03.mesh</meshFilePath>
	</StaticObject>
	<StaticObject>
		<id>StaticObject_28</id>
		<name>sea_weed04.mesh</name>
		<createPhys>false</createPhys>
		<transform _00="0.616517544" _01="0" _02="0" _03="0" _10="0" _11="0.616517544" _12="0" _13="0" _20="0" _21="0" _22="0.616517544" _23="0" _30="9925.686" _31="-28.09114" _32="9207.778" _33="1" />
		<meshFilePath>meshes\undersea_assets\sea_weed04.mesh</meshFilePath>
	</StaticObject>
	<StaticObject>
