<?xml version="1.0" encoding="utf-8"?>
<ArrayOfStaticObject>
	<StaticObject>
		<id>StaticObject_0</id>
		<name>wall_straight_long.mesh</name>
		<createPhys>true</createPhys>
		<transform _00="0.9836407" _01="0.0374289639" _02="0.176199883" _03="0" _10="-0.0382446423" _11="0.999267638" _12="0.00123398891" _13="0" _20="-0.176024631" _21="-0.007952506" _22="0.9843517" _23="0" _30="9618.206" _31="15.217247" _32="8744.972" _33="1" />
		<meshFilePath>nso_mod/meshes/decoration/wall_straight_long.mesh</meshFilePath>
	</StaticObject>
	<StaticObject>
		<id>StaticObject_1</id>
		<name>wall_broken.mesh</name>
		<createPhys>true</createPhys>
		<transform _00="0.966229141" _01="-0.1894242" _02="0.174699083" _03="0" _10="0.192382708" _11="0.981319964" _12="-5.96046448E-08" _13="0" _20="-0.1714357" _21="0.03360913" _22="0.9846219" _23="0" _30="9636.14551" _31="14.8550072" _32="8745.628" _33="1" />
		<meshFilePath>nso_mod/meshes/decoration/wall_broken.mesh</meshFilePath>
	</StaticObject>
	<StaticObject>
		<id>StaticObject_0</id>
		<name>wall_straight_long.mesh</name>
		<createPhys>true</createPhys>
		<transform _00="0.879143536" _01="0.00263207033" _02="0.476549834" _03="0" _10="0.05117584" _11="0.993680537" _12="-0.09989793" _13="0" _20="-0.473801345" _21="0.112212479" _22="0.8734533" _23="0" _30="10201.3564" _31="6.860893" _32="8752.793" _33="1" />
		<meshFilePath>nso_mod/meshes/decoration/wall_straight_long.mesh</meshFilePath>
	</StaticObject>
	<StaticObject>
		<id>StaticObject_1</id>
		<name>wall_broken.mesh</name>
		<createPhys>true</createPhys>
		<transform _00="0.9991158" _01="0" _02="-0.0420429781" _03="0" _10="0" _11="1" _12="0" _13="0" _20="0.0420429781" _21="0" _22="0.9991158" _23="0" _30="10212.3691" _31="6.8794" _32="8755.486" _33="1" />
		<meshFilePath>nso_mod/meshes/decoration/wall_broken.mesh</meshFilePath>
	</StaticObject>
	<StaticObject>
		<id>StaticObject_2</id>
		<name>wall_corner.mesh</name>
		<createPhys>true</createPhys>
		<transform _00="-0.8471142" _01="0" _02="0.5314109" _03="0" _10="0" _11="1" _12="0" _13="0" _20="-0.5314109" _21="0" _22="-0.8471142" _23="0" _30="10241.957" _31="6.30231333" _32="8777.047" _33="1" />
		<meshFilePath>nso_mod/meshes/decoration/wall_corner.mesh</meshFilePath>
	</StaticObject>
	<StaticObject>
		<id>StaticObject_3</id>
		<name>wall_straight_long.mesh</name>
		<createPhys>true</createPhys>
		<transform _00="0.7524621" _01="-0.0178569928" _02="-0.658393443" _03="0" _10="-9.31308752E-10" _11="0.9996175" _12="-0.0271116979" _13="0" _20="0.658635557" _21="0.02040083" _22="0.752185464" _23="0" _30="10597.002" _31="14.79606" _32="8752.169" _33="1" />
		<meshFilePath>nso_mod/meshes/decoration/wall_straight_long.mesh</meshFilePath>
	</StaticObject>
	<StaticObject>
		<id>StaticObject_4</id>
		<name>wall_corner.mesh</name>
		<createPhys>true</createPhys>
		<transform _00="0.8710399" _01="0" _02="-0.491212219" _03="0" _10="0" _11="1" _12="0" _13="0" _20="0.491212219" _21="0" _22="0.8710399" _23="0" _30="10613.2627" _31="14.309948" _32="8738.569" _33="1" />
		<meshFilePath>nso_mod/meshes/decoration/wall_corner.mesh</meshFilePath>
	</StaticObject>
	<StaticObject>
		<id>StaticObject_5</id>
		<name>wall_straight_short.mesh</name>
		<createPhys>true</createPhys>
		<transform _00="1" _01="0" _02="0" _03="0" _10="0" _11="1" _12="0" _13="0" _20="0" _21="0" _22="1" _23="0" _30="10573.4834" _31="14.8299646" _32="8760.685" _33="1" />
		<meshFilePath>nso_mod/meshes/decoration/wall_straight_short.mesh</meshFilePath>
	</StaticObject>
	<StaticObject>
		<id>StaticObject_6</id>
		<name>wall_broken.mesh</name>
		<createPhys>true</createPhys>
		<transform _00="0.898551762" _01="0" _02="-0.438867569" _03="0" _10="0" _11="1" _12="0" _13="0" _20="0.438867569" _21="0" _22="0.898551762" _23="0" _30="10641.9463" _31="16.2502441" _32="8794.391" _33="1" />
		<meshFilePath>nso_mod/meshes/decoration/wall_broken.mesh</meshFilePath>
	</StaticObject>
	<StaticObject>
		<id>StaticObject_7</id>
		<name>wall_corner.mesh</name>
		<createPhys>true</createPhys>
		<transform _00="-0.366957754" _01="0" _02="-0.9302376" _03="0" _10="0" _11="1" _12="0" _13="0" _20="0.9302376" _21="0" _22="-0.366957754" _23="0" _30="10634.4043" _31="16.34833" _32="8805.462" _33="1" />
		<meshFilePath>nso_mod/meshes/decoration/wall_corner.mesh</meshFilePath>
	</StaticObject>
	<StaticObject>
		<id>StaticObject_8</id>
		<name>wall_straight_short.mesh</name>
		<createPhys>true</createPhys>
		<transform _00="0.776345551" _01="0" _02="-0.630307555" _03="0" _10="0" _11="1" _12="0" _13="0" _20="0.630307555" _21="0" _22="0.776345551" _23="0" _30="10633.251" _31="16.28106" _32="8820.168" _33="1" />
		<meshFilePath>nso_mod/meshes/decoration/wall_straight_short.mesh</meshFilePath>
	</StaticObject>
	<StaticObject>
		<id>StaticObject_9</id>
		<name>wall_straight_long.mesh</name>
		<createPhys>true</createPhys>
		<transform _00="0.9868529" _01="0" _02="0.161621228" _03="0" _10="0" _11="1" _12="0" _13="0" _20="-0.161621228" _21="0" _22="0.9868529" _23="0" _30="10708.7705" _31="13.5830564" _32="8875.226" _33="1" />
		<meshFilePath>nso_mod/meshes/decoration/wall_straight_long.mesh</meshFilePath>
	</StaticObject>
	<StaticObject>
		<id>StaticObject_10</id>
		<name>wall_corner.mesh</name>
		<createPhys>true</createPhys>
		<transform _00="1" _01="0" _02="0" _03="0" _10="0" _11="1" _12="0" _13="0" _20="0" _21="0" _22="1" _23="0" _30="10728.5752" _31="13.1412182" _32="8875.429" _33="1" />
		<meshFilePath>nso_mod/meshes/decoration/wall_corner.mesh</meshFilePath>
	</StaticObject>
	<StaticObject>
		<id>StaticObject_11</id>
		<name>wall_broken.mesh</name>
		<createPhys>true</createPhys>
		<transform _00="0.5941082" _01="0" _02="0.8043851" _03="0" _10="0" _11="1" _12="0" _13="0" _20="-0.8043851" _21="0" _22="0.5941082" _23="0" _30="10694.6338" _31="13.4519119" _32="8870.684" _33="1" />
		<meshFilePath>nso_mod/meshes/decoration/wall_broken.mesh</meshFilePath>
	</StaticObject>
	<StaticObject>
		<id>StaticObject_12</id>
		<name>wall_broken.mesh</name>
		<createPhys>true</createPhys>
		<transform _00="1" _01="0" _02="0" _03="0" _10="0" _11="1" _12="0" _13="0" _20="0" _21="0" _22="1" _23="0" _30="10623.9551" _31="16.4606285" _32="8831.225" _33="1" />
		<meshFilePath>nso_mod/meshes/decoration/wall_broken.mesh</meshFilePath>
	</StaticObject>
	<StaticObject>
		<id>StaticObject_13</id>
		<name>wall_straight_long.mesh</name>
		<createPhys>true</createPhys>
		<transform _00="0.445501924" _01="-0.15621537" _02="-1.69813919" _03="0" _10="0.0683735758" _11="1.75531924" _12="-0.143537879" _13="0" _20="1.70393932" _21="-0.029595077" _22="0.449746042" _23="0" _30="10461.085" _31="5.6024313" _32="8653.947" _33="1" />
		<meshFilePath>nso_mod/meshes/decoration/wall_straight_long.mesh</meshFilePath>
	</StaticObject>
	<StaticObject>
		<id>StaticObject_14</id>
		<name>wall_straight_short.mesh</name>
		<createPhys>true</createPhys>
		<transform _00="0.028258333" _01="0" _02="-0.999600649" _03="0" _10="0" _11="1" _12="0" _13="0" _20="0.999600649" _21="0" _22="0.028258333" _23="0" _30="10460.7637" _31="4.822224" _32="8632.831" _33="1" />
		<meshFilePath>nso_mod/meshes/decoration/wall_straight_short.mesh</meshFilePath>
	</StaticObject>
	<StaticObject>
		<id>StaticObject_15</id>
		<name>wall_broken.mesh</name>
		<createPhys>true</createPhys>
		<transform _00="-0.237063691" _01="0" _02="0.971494138" _03="0" _10="0" _11="0.9999851" _12="0" _13="0" _20="-0.971494138" _21="0" _22="-0.237063691" _23="0" _30="10457.1445" _31="4.21653938" _32="8636.86" _33="1" />
		<meshFilePath>nso_mod/meshes/decoration/wall_broken.mesh</meshFilePath>
	</StaticObject>
	<StaticObject>
		<id>StaticObject_16</id>
		<name>wall_straight_long.mesh</name>
		<createPhys>true</createPhys>
		<transform _00="0.025176324" _01="0" _02="-0.999683" _03="0" _10="0" _11="1" _12="0" _13="0" _20="0.999683" _21="0" _22="0.025176324" _23="0" _30="10459.1465" _31="4.148355" _32="8619.281" _33="1" />
		<meshFilePath>nso_mod/meshes/decoration/wall_straight_long.mesh</meshFilePath>
	</StaticObject>
	<StaticObject>
		<id>StaticObject_17</id>
		<name>wall_corner.mesh</name>
		<createPhys>true</createPhys>
		<transform _00="-0.2327627" _01="0" _02="-0.9725336" _03="0" _10="0" _11="1" _12="0" _13="0" _20="0.9725336" _21="0" _22="-0.2327627" _23="0" _30="10458.9844" _31="4.41009665" _32="8543.281" _33="1" />
		<meshFilePath>nso_mod/meshes/decoration/wall_corner.mesh</meshFilePath>
	</StaticObject>
	<StaticObject>
		<id>StaticObject_18</id>
		<name>wall_straight_long.mesh</name>
		<createPhys>true</createPhys>
		<transform _00="0.0503934026" _01="0" _02="0.998729467" _03="0" _10="0" _11="1" _12="0" _13="0" _20="-0.998729467" _21="0" _22="0.0503934026" _23="0" _30="10476.4512" _31="4.41810942" _32="8558.873" _33="1" />
		<meshFilePath>nso_mod/meshes/decoration/wall_straight_long.mesh</meshFilePath>
	</StaticObject>
	<StaticObject>
		<id>StaticObject_19</id>
		<name>wall_broken.mesh</name>
		<createPhys>true</createPhys>
		<transform _00="1" _01="0" _02="0" _03="0" _10="0" _11="1" _12="0" _13="0" _20="0" _21="0" _22="1" _23="0" _30="10497.373" _31="4.38431454" _32="8526.691" _33="1" />
		<meshFilePath>nso_mod/meshes/decoration/wall_broken.mesh</meshFilePath>
	</StaticObject>
	<StaticObject>
		<id>StaticObject_20</id>
		<name>prop_bottle.mesh</name>
		<createPhys>true</createPhys>
		<transform _00="1" _01="0" _02="0" _03="0" _10="0" _11="1" _12="0" _13="0" _20="0" _21="0" _22="1" _23="0" _30="10548.6006" _31="1.81439173" _32="8808.884" _33="1" />
		<meshFilePath>meshes/prop_bottle.mesh</meshFilePath>
	</StaticObject>
	<StaticObject>
		<id>StaticObject_21</id>
		<name>prop_can.mesh</name>
		<createPhys>true</createPhys>
		<transform _00="1" _01="0" _02="0" _03="0" _10="0" _11="0.9138315" _12="-0.406093627" _13="0" _20="0" _21="0.406093627" _22="0.9138315" _23="0" _30="10546.5947" _31="1.83718312" _32="8806.868" _33="1" />
		<meshFilePath>meshes/prop_can.mesh</meshFilePath>
	</StaticObject>
	<StaticObject>
		<id>StaticObject_0</id>
		<name>wall_broken.mesh</name>
		<createPhys>true</createPhys>
		<transform _00="1.17274833" _01="-0.112856455" _02="-0.307365954" _03="0" _10="0.116391525" _11="1.21202362" _12="-0.000932858035" _13="0" _20="0.306044817" _21="-0.028482927" _22="1.17816567" _23="0" _30="10433.9346" _31="-1.88865983" _32="9507.795" _33="1" />
		<meshFilePath>nso_mod/meshes/decoration/wall_broken.mesh</meshFilePath>
	</StaticObject>
	<StaticObject>
		<id>StaticObject_1</id>
		<name>wall_corner.mesh</name>
		<createPhys>true</createPhys>
		<transform _00="0.992456734" _01="-0.0488434359" _02="-0.112445414" _03="0" _10="0.04919351" _11="0.9987892" _12="0.0003391523" _13="0" _20="0.112292707" _21="-0.00586816575" _22="0.9936579" _23="0" _30="10447.0234" _31="-2.67864132" _32="9505.061" _33="1" />
		<meshFilePath>nso_mod/meshes/decoration/wall_corner.mesh</meshFilePath>
	</StaticObject>
	<StaticObject>
		<id>StaticObject_2</id>
		<name>rail_link.mesh</name>
		<createPhys>false</createPhys>
		<transform _00="1" _01="0" _02="0" _03="0" _10="0" _11="1" _12="0" _13="0" _20="0" _21="0" _22="1" _23="0" _30="10453.6074" _31="-2.400889" _32="9502.203" _33="1" />
		<meshFilePath>nso_mod/meshes/rail_link.mesh</meshFilePath>
	</StaticObject>
	<StaticObject>
		<id>StaticObject_3</id>
		<name>rail_link.mesh</name>
		<createPhys>false</createPhys>
		<transform _00="0.745792" _01="0" _02="0.6661789" _03="0" _10="0" _11="1" _12="0" _13="0" _20="-0.6661789" _21="0" _22="0.745792" _23="0" _30="10451.2832" _31="-2.39163017" _32="9504.367" _33="1" />
		<meshFilePath>nso_mod/meshes/rail_link.mesh</meshFilePath>
	</StaticObject>
	<StaticObject>
		<id>StaticObject_4</id>
		<name>rail_link.mesh</name>
		<createPhys>false</createPhys>
		<transform _00="0.7479612" _01="0.0409199335" _02="0.6624798" _03="0" _10="-0.03063218" _11="0.999162436" _12="-0.0271313582" _13="0" _20="-0.6630352" _21="1.86264515E-09" _22="0.748588264" _23="0" _30="10455.3271" _31="-2.45280051" _32="9504.557" _33="1" />
		<meshFilePath>nso_mod/meshes/rail_link.mesh</meshFilePath>
	</StaticObject>
	<StaticObject>
		<id>StaticObject_5</id>
		<name>sea_weed03.mesh</name>
		<createPhys>false</createPhys>
		<transform _00="1" _01="0" _02="0" _03="0" _10="0" _11="1" _12="0" _13="0" _20="0" _21="0" _22="1" _23="0" _30="10439.5469" _31="-6.27547264" _32="9492.789" _33="1" />
		<meshFilePath>meshes/undersea_assets/sea_weed03.mesh</meshFilePath>
	</StaticObject>
	<StaticObject>
		<id>StaticObject_6</id>
		<name>sea_weed04.mesh</name>
		<createPhys>false</createPhys>
		<transform _00="0.7616998" _01="0" _02="0.6479301" _03="0" _10="0" _11="1" _12="0" _13="0" _20="-0.6479301" _21="0" _22="0.7616998" _23="0" _30="10441.6172" _31="-5.549749" _32="9493.065" _33="1" />
		<meshFilePath>meshes/undersea_assets/sea_weed04.mesh</meshFilePath>
	</StaticObject>
	<StaticObject>
		<id>StaticObject_7</id>
		<name>sea_weed02.mesh</name>
		<createPhys>false</createPhys>
		<transform _00="-0.173028052" _01="0" _02="0.9849169" _03="0" _10="0" _11="0.999985158" _12="0" _13="0" _20="-0.9849169" _21="0" _22="-0.173028052" _23="0" _30="10445.8936" _31="-4.929274" _32="9498.824" _33="1" />
		<meshFilePath>meshes/undersea_assets/sea_weed02.mesh</meshFilePath>
	</StaticObject>
	<StaticObject>
		<id>StaticObject_8</id>
		<name>sea_weed02.mesh</name>
		<createPhys>false</createPhys>
		<transform _00="-0.7766194" _01="-0.228802592" _02="-0.586951" _03="0" _10="-0.0949160755" _11="0.9635758" _12="-0.250029325" _13="0" _20="0.622778654" _21="-0.138466448" _22="-0.770048141" _23="0" _30="10438.583" _31="-5.028253" _32="9498.486" _33="1" />
		<meshFilePath>meshes/undersea_assets/sea_weed02.mesh</meshFilePath>
	</StaticObject>
	<StaticObject>
		<id>StaticObject_9</id>
		<name>sea_weed02.mesh</name>
		<createPhys>false</createPhys>
		<transform _00="1" _01="0" _02="0" _03="0" _10="0" _11="1" _12="0" _13="0" _20="0" _21="0" _22="1" _23="0" _30="10432.5332" _31="-6.5209465" _32="9492.39" _33="1" />
		<meshFilePath>meshes/undersea_assets/sea_weed02.mesh</meshFilePath>
	</StaticObject>
	<StaticObject>
		<id>StaticObject_10</id>
		<name>sea_weed05.mesh</name>
		<createPhys>false</createPhys>
		<transform _00="1" _01="0" _02="0" _03="0" _10="0" _11="0.9991651" _12="-0.04085355" _13="0" _20="0" _21="0.04085355" _22="0.9991651" _23="0" _30="10430.001" _31="-2.79576349" _32="9518.629" _33="1" />
		<meshFilePath>meshes/undersea_assets/sea_weed05.mesh</meshFilePath>
	</StaticObject>
	<StaticObject>
		<id>StaticObject_11</id>
		<name>sea_weed05.mesh</name>
		<createPhys>false</createPhys>
		<transform _00="1" _01="0" _02="0" _03="0" _10="0" _11="1" _12="0" _13="0" _20="0" _21="0" _22="1" _23="0" _30="10427.1406" _31="-3.88183784" _32="9516.431" _33="1" />
		<meshFilePath>meshes/undersea_assets/sea_weed05.mesh</meshFilePath>
	</StaticObject>
	<StaticObject>
		<id>StaticObject_12</id>
		<name>wall_broken.mesh</name>
		<createPhys>true</createPhys>
		<transform _00="-2.39314127" _01="0.3824477" _02="-0.319880664" _03="0" _10="0.3513355" _11="2.40635657" _12="0.248561189" _13="0" _20="0.3537717" _21="0.197361022" _22="-2.41072845" _23="0" _30="10392.0713" _31="-2.89823341" _32="9509.943" _33="1" />
		<meshFilePath>nso_mod/meshes/decoration/wall_broken.mesh</meshFilePath>
	</StaticObject>
	<StaticObject>
		<id>StaticObject_13</id>
		<name>prop_saucepan.mesh</name>
		<createPhys>false</createPhys>
		<transform _00="1" _01="0" _02="0" _03="0" _10="0" _11="0.9806434" _12="-0.19580242" _13="0" _20="0" _21="0.19580242" _22="0.9806434" _23="0" _30="10386.5352" _31="-2.68766379" _32="9512.049" _33="1" />
		<meshFilePath>meshes/prop_saucepan.mesh</meshFilePath>
	</StaticObject>
	<StaticObject>
		<id>StaticObject_14</id>
		<name>prop_can.mesh</name>
		<createPhys>false</createPhys>
		<transform _00="0.0559771657" _01="0.970301151" _02="-0.235334441" _03="0" _10="-0.8607025" _11="-0.07256284" _12="-0.5039105" _13="0" _20="-0.50602144" _21="0.23076044" _22="0.831078768" _23="0" _30="10387.6689" _31="-2.70968175" _32="9511.688" _33="1" />
		<meshFilePath>meshes/prop_can.mesh</meshFilePath>
	</StaticObject>
	<StaticObject>
		<id>StaticObject_22</id>
		<name>house_clay.mesh</name>
		<createPhys>true</createPhys>
		<transform _00="-0.5737212" _01="-0.035358876" _02="0.8182869" _03="0" _10="-0.02489626" _11="0.9993307" _12="0.0257265549" _13="0" _20="-0.81867224" _21="-0.005612572" _22="-0.574233949" _23="0" _30="10292.6055" _31="3.78394723" _32="8941.585" _33="1" />
		<meshFilePath>nso_mod/meshes/structures/house_clay.mesh</meshFilePath>
	</StaticObject>
	<StaticObject>
		<id>StaticObject_23</id>
		<name>house_clay.mesh</name>
		<createPhys>true</createPhys>
		<transform _00="0.98748523" _01="0" _02="0.5766377" _03="0" _10="0" _11="1.14352" _12="0" _13="0" _20="-0.5766377" _21="0" _22="0.98748523" _23="0" _30="10307.9082" _31="3.69221163" _32="8947.626" _33="1" />
		<meshFilePath>nso_mod/meshes/structures/house_clay.mesh</meshFilePath>
	</StaticObject>
	<StaticObject>
		<id>StaticObject_24</id>
		<name>house_clay.mesh</name>
		<createPhys>true</createPhys>
		<transform _00="-0.559259236" _01="0" _02="-0.828992844" _03="0" _10="0" _11="0.999985635" _12="0" _13="0" _20="0.828992844" _21="0" _22="-0.559259236" _23="0" _30="10351.4014" _31="4.217739" _32="8942.55" _33="1" />
		<meshFilePath>nso_mod/meshes/structures/house_clay.mesh</meshFilePath>
	</StaticObject>
	<StaticObject>
		<id>StaticObject_25</id>
		<name>castle_tower_ruins.mesh</name>
		<createPhys>true</createPhys>
		<transform _00="0.61735934" _01="0" _02="-0.7866813" _03="0" _10="0" _11="1" _12="0" _13="0" _20="0.7866813" _21="0" _22="0.61735934" _23="0" _30="10347.0762" _31="3.11319065" _32="8932.625" _33="1" />
		<meshFilePath>nso_mod/meshes/structures/castle_tower_ruins.mesh</meshFilePath>
	</StaticObject>
	<StaticObject>
		<id>StaticObject_26</id>
		<name>wall_broken.mesh</name>
		<createPhys>true</createPhys>
		<transform _00="0.9855665" _01="0" _02="0.169288591" _03="0" _10="0" _11="1" _12="0" _13="0" _20="-0.169288591" _21="0" _22="0.9855665" _23="0" _30="10362.9131" _31="4.2810173" _32="8941.457" _33="1" />
		<meshFilePath>nso_mod/meshes/decoration/wall_broken.mesh</meshFilePath>
	</StaticObject>
	<StaticObject>
		<id>StaticObject_27</id>
		<name>wall_corner.mesh</name>
		<createPhys>true</createPhys>
		<transform _00="0.2964454" _01="0" _02="-0.9550498" _03="0" _10="0" _11="1" _12="0" _13="0" _20="0.9550498" _21="0" _22="0.2964454" _23="0" _30="10330.3682" _31="4.323867" _32="8920.891" _33="1" />
		<meshFilePath>nso_mod/meshes/decoration/wall_corner.mesh</meshFilePath>
	</StaticObject>
	<StaticObject>
		<id>StaticObject_28</id>
		<name>wall_straight_short.mesh</name>
		<createPhys>true</createPhys>
		<transform _00="0.628613055" _01="0" _02="-0.9452601" _03="0" _10="0" _11="1.13519645" _12="0" _13="0" _20="0.9452601" _21="0" _22="0.628613055" _23="0" _30="10334.01" _31="4.577837" _32="8966.98" _33="1" />
		<meshFilePath>nso_mod/meshes/decoration/wall_straight_short.mesh</meshFilePath>
	</StaticObject>
	<StaticObject>
		<id>StaticObject_29</id>
		<name>wall_straight_long.mesh</name>
		<createPhys>true</createPhys>
		<transform _00="0.7357247" _01="0.0484023131" _02="0.675548851" _03="0" _10="-0.0656467155" _11="0.997842968" _12="0" _13="0" _20="-0.674091637" _21="-0.0443475656" _22="0.7373151" _23="0" _30="10323.8926" _31="3.77749467" _32="8967.355" _33="1" />
		<meshFilePath>nso_mod/meshes/decoration/wall_straight_long.mesh</meshFilePath>
	</StaticObject>
	<StaticObject>
		<id>StaticObject_30</id>
		<name>house_clay.mesh</name>
		<createPhys>true</createPhys>
		<transform _00="-0.8056717" _01="0" _02="0.592362344" _03="0" _10="0" _11="1" _12="0" _13="0" _20="-0.592362344" _21="0" _22="-0.8056717" _23="0" _30="10325.2129" _31="3.87392163" _32="8955.013" _33="1" />
		<meshFilePath>nso_mod/meshes/structures/house_clay.mesh</meshFilePath>
	</StaticObject>
	<StaticObject>
		<id>StaticObject_31</id>
		<name>house_clay.mesh</name>
		<createPhys>true</createPhys>
		<transform _00="0.1960663" _01="0" _02="-0.980590641" _03="0" _10="0" _11="1" _12="0" _13="0" _20="0.980590641" _21="0" _22="0.1960663" _23="0" _30="10393.2686" _31="4.449033" _32="8774.816" _33="1" />
		<meshFilePath>nso_mod/meshes/structures/house_clay.mesh</meshFilePath>
	</StaticObject>
	<StaticObject>
		<id>StaticObject_32</id>
		<name>house_clay.mesh</name>
		<createPhys>true</createPhys>
		<transform _00="0.0277869254" _01="0" _02="-0.9996139" _03="0" _10="0" _11="1" _12="0" _13="0" _20="0.9996139" _21="0" _22="0.0277869254" _23="0" _30="10493.4941" _31="4.32124758" _32="8501.72949" _33="1" />
		<meshFilePath>nso_mod/meshes/structures/house_clay.mesh</meshFilePath>
	</StaticObject>
	<StaticObject>
		<id>StaticObject_33</id>
		<name>house_clay.mesh</name>
		<createPhys>true</createPhys>
		<transform _00="-0.7773663" _01="0" _02="0.6290482" _03="0" _10="0" _11="1" _12="0" _13="0" _20="-0.6290482" _21="0" _22="-0.7773663" _23="0" _30="10235.8486" _31="3.48945713" _32="8831.507" _33="1" />
		<meshFilePath>nso_mod/meshes/structures/house_clay.mesh</meshFilePath>
	</StaticObject>
	<StaticObject>
		<id>StaticObject_34</id>
		<name>house_clay.mesh</name>
		<createPhys>true</createPhys>
		<transform _00="-0.5420807" _01="0" _02="-0.8403264" _03="0" _10="0" _11="0.9999856" _12="0" _13="0" _20="0.8403264" _21="0" _22="-0.5420807" _23="0" _30="10283.6748" _31="2.934667" _32="8906.205" _33="1" />
		<meshFilePath>nso_mod/meshes/structures/house_clay.mesh</meshFilePath>
	</StaticObject>
	<StaticObject>
		<id>StaticObject_35</id>
		<name>house_clay.mesh</name>
		<createPhys>true</createPhys>
		<transform _00="-0.80115515" _01="0" _02="-0.5984567" _03="0" _10="0" _11="0.999985635" _12="0" _13="0" _20="0.5984567" _21="0" _22="-0.80115515" _23="0" _30="10270.165" _31="3.395988" _32="8920.619" _33="1" />
		<meshFilePath>nso_mod/meshes/structures/house_clay.mesh</meshFilePath>
	</StaticObject>
	<StaticObject>
		<id>StaticObject_36</id>
		<name>house_clay.mesh</name>
		<createPhys>true</createPhys>
		<transform _00="-0.99794805" _01="0" _02="-0.0640289262" _03="0" _10="0" _11="1" _12="0" _13="0" _20="0.0640289262" _21="0" _22="-0.99794805" _23="0" _30="10375.1006" _31="4.28096437" _32="8916.309" _33="1" />
		<meshFilePath>nso_mod/meshes/structures/house_clay.mesh</meshFilePath>
	</StaticObject>
	<StaticObject>
		<id>StaticObject_37</id>
		<name>wall_corner.mesh</name>
		<createPhys>true</createPhys>
		<transform _00="0.87719357" _01="0" _02="-0.480136871" _03="0" _10="0" _11="1" _12="0" _13="0" _20="0.480136871" _21="0" _22="0.87719357" _23="0" _30="10297.7627" _31="3.40689874" _32="8928.632" _33="1" />
		<meshFilePath>nso_mod/meshes/decoration/wall_corner.mesh</meshFilePath>
	</StaticObject>
	<StaticObject>
		<id>StaticObject_38</id>
		<name>workbench.mesh</name>
		<createPhys>true</createPhys>
		<transform _00="0.113258436" _01="0" _02="-0.993565559" _03="0" _10="0" _11="1" _12="0" _13="0" _20="0.993565559" _21="0" _22="0.113258436" _23="0" _30="10366.3115" _31="5.78089333" _32="8883.27" _33="1" />
		<meshFilePath>meshes/workbench.mesh</meshFilePath>
		<physMeshFilePath>meshes/workbench_phys.phys</physMeshFilePath>
	</StaticObject>
	<StaticObject>
		<id>StaticObject_2</id>
		<name>wall_corner.mesh</name>
		<createPhys>true</createPhys>
		<transform _00="-0.9153793" _01="0" _02="0.40259257" _03="0" _10="0" _11="1" _12="0" _13="0" _20="-0.40259257" _21="0" _22="-0.9153793" _23="0" _30="9583.103" _31="18.7626324" _32="8976.855" _33="1" />
		<meshFilePath>nso_mod/meshes/decoration/wall_corner.mesh</meshFilePath>
	</StaticObject>
	<StaticObject>
		<id>StaticObject_0</id>
		<name>wall_straight_short.mesh</name>
		<createPhys>true</createPhys>
		<transform _00="0.9957694" _01="0" _02="0.09188791" _03="0" _10="0" _11="1" _12="0" _13="0" _20="-0.09188791" _21="0" _22="0.9957694" _23="0" _30="9610.699" _31="3.4433403" _32="9017.877" _33="1" />
		<meshFilePath>nso_mod/meshes/decoration/wall_straight_short.mesh</meshFilePath>
	</StaticObject>
	<StaticObject>
		<id>StaticObject_1</id>
		<name>wall_broken.mesh</name>
		<createPhys>true</createPhys>
		<transform _00="1" _01="0" _02="0" _03="0" _10="0" _11="1" _12="0" _13="0" _20="0" _21="0" _22="1" _23="0" _30="9617.692" _31="2.7449882" _32="9017.443" _33="1" />
		<meshFilePath>nso_mod/meshes/decoration/wall_broken.mesh</meshFilePath>
	</StaticObject>
	<StaticObject>
		<id>StaticObject_2</id>
		<name>rocks_slab_small_01.mesh</name>
		<createPhys>true</createPhys>
		<transform _00="0.7826281" _01="0" _02="0.6224896" _03="0" _10="0" _11="1" _12="0" _13="0" _20="-0.6224896" _21="0" _22="0.7826281" _23="0" _30="9614.976" _31="3.05938268" _32="9026.802" _33="1" />
		<meshFilePath>nso_mod/meshes/nature/rocks_slab_small_01.mesh</meshFilePath>
		<physMeshFilePath>nso_mod/meshes/nature/rocks_slab_small_01.phys</physMeshFilePath>
	</StaticObject>
	<StaticObject>
		<id>StaticObject_3</id>
		<name>rocks_pillar_small_01.mesh</name>
		<createPhys>false</createPhys>
		<transform _00="0.9856625" _01="0.0495718829" _02="-0.16129598" _03="0" _10="-0.168741271" _11="0.289561" _12="-0.94216764" _13="0" _20="0" _21="0.955875039" _22="0.29377377" _23="0" _30="9609.035" _31="2.47253036" _32="9028.988" _33="1" />
		<meshFilePath>nso_mod/meshes/nature/rocks_pillar_small_01.mesh</meshFilePath>
	</StaticObject>
	<StaticObject>
		<id>StaticObject_4</id>
		<name>rocks_slab_small_01.mesh</name>
		<createPhys>true</createPhys>
		<transform _00="0.152799666" _01="0" _02="-0.5834419" _03="0" _10="0" _11="0.6031187" _12="0" _13="0" _20="0.5834419" _21="0" _22="0.152799666" _23="0" _30="9618.307" _31="2.71977115" _32="9036.699" _33="1" />
		<meshFilePath>nso_mod/meshes/nature/rocks_slab_small_01.mesh</meshFilePath>
		<physMeshFilePath>nso_mod/meshes/nature/rocks_slab_small_01.phys</physMeshFilePath>
	</StaticObject>
	<StaticObject>
		<id>StaticObject_39</id>
		<name>clutter_covered.mesh</name>
		<createPhys>true</createPhys>
		<transform _00="0.860471547" _01="0" _02="0.5094985" _03="0" _10="0" _11="1" _12="0" _13="0" _20="-0.5094985" _21="0" _22="0.860471547" _23="0" _30="10311.9717" _31="3.58550954" _32="8939.902" _33="1" />
		<meshFilePath>nso_mod/meshes/decoration/clutter/clutter_covered.mesh</meshFilePath>
	</StaticObject>
	<StaticObject>
		<id>StaticObject_40</id>
		<name>wood_stacked.mesh</name>
		<createPhys>true</createPhys>
		<transform _00="0.9722698" _01="0" _02="-0.233862132" _03="0" _10="0" _11="1" _12="0" _13="0" _20="0.233862132" _21="0" _22="0.9722698" _23="0" _30="10316.5078" _31="3.96296954" _32="8937.352" _33="1" />
		<meshFilePath>nso_mod/meshes/decoration/clutter/wood_stacked.mesh</meshFilePath>
	</StaticObject>
	<StaticObject>
		<id>StaticObject_41</id>
		<name>rusted_beam.mesh</name>
		<createPhys>true</createPhys>
		<transform _00="1" _01="0" _02="0" _03="0" _10="0" _11="1" _12="0" _13="0" _20="0" _21="0" _22="1" _23="0" _30="10317.7314" _31="3.73901415" _32="8941.713" _33="1" />
		<meshFilePath>nso_mod/meshes/decoration/clutter/rusted_beam.mesh</meshFilePath>
	</StaticObject>
	<StaticObject>
		<id>StaticObject_42</id>
		<name>house_broad_blue.mesh</name>
		<createPhys>true</createPhys>
		<transform _00="1" _01="0" _02="0" _03="0" _10="0" _11="1" _12="0" _13="0" _20="0" _21="0" _22="1" _23="0" _30="10343.8906" _31="3.86609268" _32="8899.5625" _33="1" />
		<meshFilePath>nso_mod/meshes/structures/buildings/house_broad_blue.mesh</meshFilePath>
	</StaticObject>
	<StaticObject>
		<id>StaticObject_43</id>
		<name>house_broad_red.mesh</name>
		<createPhys>true</createPhys>
		<transform _00="1" _01="0" _02="0" _03="0" _10="0" _11="1" _12="0" _13="0" _20="0" _21="0" _22="1" _23="0" _30="10332.1543" _31="4.018762" _32="8890.035" _33="1" />
		<meshFilePath>nso_mod/meshes/structures/buildings/house_broad_red.mesh</meshFilePath>
	</StaticObject>
	<StaticObject>
		<id>StaticObject_44</id>
		<name>house_small_blue.mesh</name>
		<createPhys>true</createPhys>
		<transform _00="-0.7800248" _01="0" _02="-0.6257486" _03="0" _10="0" _11="0.9999906" _12="0" _13="0" _20="0.6257486" _21="0" _22="-0.7800248" _23="0" _30="10318.334" _31="3.53661346" _32="8912.614" _33="1" />
		<meshFilePath>nso_mod/meshes/structures/buildings/house_small_blue.mesh</meshFilePath>
	</StaticObject>
	<StaticObject>
		<id>StaticObject_5</id>
		<name>wall_corner.mesh</name>
		<createPhys>true</createPhys>
		<transform _00="0.923384666" _01="0" _02="0.383876026" _03="0" _10="0" _11="1" _12="0" _13="0" _20="-0.383876026" _21="0" _22="0.923384666" _23="0" _30="9628.766" _31="3.09585333" _32="9021.628" _33="1" />
		<meshFilePath>nso_mod/meshes/decoration/wall_corner.mesh</meshFilePath>
	</StaticObject>
	<StaticObject>
		<id>StaticObject_6</id>
		<name>rusted_big_tank.mesh</name>
		<createPhys>true</createPhys>
		<transform _00="1" _01="0" _02="0" _03="0" _10="0" _11="1" _12="0" _13="0" _20="0" _21="0" _22="1" _23="0" _30="9620.044" _31="3.011742" _32="9028.12" _33="1" />
		<meshFilePath>nso_mod/meshes/decoration/clutter/rusted_big_tank.mesh</meshFilePath>
	</StaticObject>
	<StaticObject>
		<id>StaticObject_7</id>
		<name>rusted_big_tank.mesh</name>
		<createPhys>true</createPhys>
		<transform _00="-0.557052135" _01="0" _02="0.830477536" _03="0" _10="0" _11="1" _12="0" _13="0" _20="-0.830477536" _21="0" _22="-0.557052135" _23="0" _30="9618.866" _31="3.19871473" _32="9025.485" _33="1" />
		<meshFilePath>nso_mod/meshes/decoration/clutter/rusted_big_tank.mesh</meshFilePath>
	</StaticObject>
	<StaticObject>
		<id>StaticObject_8</id>
		<name>rusted_spool_structure.mesh</name>
		<createPhys>true</createPhys>
		<transform _00="0.1438812" _01="0" _02="0.989595" _03="0" _10="0" _11="1" _12="0" _13="0" _20="-0.989595" _21="0" _22="0.1438812" _23="0" _30="9628.067" _31="3.008039" _32="9024.758" _33="1" />
		<meshFilePath>nso_mod/meshes/decoration/clutter/rusted_spool_structure.mesh</meshFilePath>
	</StaticObject>
	<StaticObject>
		<id>StaticObject_9</id>
		<name>rusted_beam.mesh</name>
		<createPhys>true</createPhys>
		<transform _00="0.474904478" _01="0" _02="0.880037367" _03="0" _10="0" _11="1" _12="0" _13="0" _20="-0.880037367" _21="0" _22="0.474904478" _23="0" _30="9615.847" _31="2.925026" _32="9021.931" _33="1" />
		<meshFilePath>nso_mod/meshes/decoration/clutter/rusted_beam.mesh</meshFilePath>
	</StaticObject>
	<StaticObject>
		<id>StaticObject_10</id>
		<name>rusted_gas_tank.mesh</name>
		<createPhys>true</createPhys>
		<transform _00="0.742763638" _01="-0.5409157" _02="0.3946031" _03="0" _10="0" _11="0.5893526" _12="0.8078753" _13="0" _20="-0.669552743" _21="-0.6000603" _22="0.437749624" _23="0" _30="9773.518" _31="-20.93354" _32="9005.11" _33="1" />
		<meshFilePath>nso_mod/meshes/decoration/clutter/rusted_gas_tank.mesh</meshFilePath>
	</StaticObject>
	<StaticObject>
		<id>StaticObject_45</id>
		<name>clutter_covered.mesh</name>
		<createPhys>true</createPhys>
		<transform _00="0.698281944" _01="0" _02="-0.7158228" _03="0" _10="0" _11="1" _12="0" _13="0" _20="0.7158228" _21="0" _22="0.698281944" _23="0" _30="10351.1973" _31="5.5294075" _32="8849.867" _33="1" />
		<meshFilePath>nso_mod/meshes/decoration/clutter/clutter_covered.mesh</meshFilePath>
	</StaticObject>
	<StaticObject>
		<id>StaticObject_46</id>
		<name>clutter_covered.mesh</name>
		<createPhys>true</createPhys>
		<transform _00="-0.02425931" _01="0" _02="1.52083015" _03="0" _10="0" _11="1.52102363" _12="0" _13="0" _20="-1.52083015" _21="0" _22="-0.02425931" _23="0" _30="10350.5381" _31="5.39795732" _32="8855.663" _33="1" />
		<meshFilePath>nso_mod/meshes/decoration/clutter/clutter_covered.mesh</meshFilePath>
	</StaticObject>
	<StaticObject>
		<id>StaticObject_47</id>
		<name>rusted_beam.mesh</name>
		<createPhys>true</createPhys>
		<transform _00="0.288838059" _01="0" _02="-0.957378" _03="0" _10="0" _11="1" _12="0" _13="0" _20="0.957378" _21="0" _22="0.288838059" _23="0" _30="10334.6025" _31="5.74359131" _32="8841.662" _33="1" />
		<meshFilePath>nso_mod/meshes/decoration/clutter/rusted_beam.mesh</meshFilePath>
	</StaticObject>
	<StaticObject>
		<id>StaticObject_48</id>
		<name>rusted_big_tank.mesh</name>
		<createPhys>true</createPhys>
		<transform _00="-0.393900335" _01="0" _02="-0.919153154" _03="0" _10="0" _11="1" _12="0" _13="0" _20="0.919153154" _21="0" _22="-0.393900335" _23="0" _30="10335.083" _31="5.72753572" _32="8838.804" _33="1" />
		<meshFilePath>nso_mod/meshes/decoration/clutter/rusted_big_tank.mesh</meshFilePath>
	</StaticObject>
	<StaticObject>
		<id>StaticObject_49</id>
		<name>rusted_gas_tanks.mesh</name>
		<createPhys>true</createPhys>
		<transform _00="1" _01="0" _02="0" _03="0" _10="0" _11="1" _12="0" _13="0" _20="0" _21="0" _22="1" _23="0" _30="10341.4355" _31="3.77808547" _32="8926.035" _33="1" />
		<meshFilePath>nso_mod/meshes/decoration/clutter/rusted_gas_tanks.mesh</meshFilePath>
	</StaticObject>
	<StaticObject>
		<id>StaticObject_50</id>
		<name>rusted_spool_structure.mesh</name>
		<createPhys>true</createPhys>
		<transform _00="0.8230059" _01="0" _02="-0.5680328" _03="0" _10="0" _11="1" _12="0" _13="0" _20="0.5680328" _21="0" _22="0.8230059" _23="0" _30="10241.458" _31="3.41515279" _32="8838.39" _33="1" />
		<meshFilePath>nso_mod/meshes/decoration/clutter/rusted_spool_structure.mesh</meshFilePath>
	</StaticObject>
	<StaticObject>
		<id>StaticObject_51</id>
		<name>house_broad_blue.mesh</name>
		<createPhys>true</createPhys>
		<transform _00="0.639622569" _01="0" _02="0.7686891" _03="0" _10="0" _11="1" _12="0" _13="0" _20="-0.7686891" _21="0" _22="0.639622569" _23="0" _30="10238.4922" _31="3.48666167" _32="8851.842" _33="1" />
		<meshFilePath>nso_mod/meshes/structures/buildings/house_broad_blue.mesh</meshFilePath>
	</StaticObject>
	<StaticObject>
		<id>StaticObject_52</id>
		<name>industrial_modular_bridge_cap.mesh</name>
		<createPhys>true</createPhys>
		<transform _00="-0.0101719974" _01="0" _02="0.999948263" _03="0" _10="0" _11="1" _12="0" _13="0" _20="-0.999948263" _21="0" _22="-0.0101719974" _23="0" _30="10679.3652" _31="12.4634943" _32="8516.952" _33="1" />
		<meshFilePath>nso_mod/meshes/structures/bridges/industrial_modular_bridge_cap.mesh</meshFilePath>
		<physMeshFilePath>nso_mod/meshes/structures/bridges/industrial_modular_bridge_cap.phys</physMeshFilePath>
	</StaticObject>
	<StaticObject>
		<id>StaticObject_53</id>
		<name>industrial_modular_bridge_middle.mesh</name>
		<createPhys>true</createPhys>
		<transform _00="-0.0101719974" _01="0" _02="0.999948263" _03="0" _10="0" _11="1" _12="0" _13="0" _20="-0.999948263" _21="0" _22="-0.0101719974" _23="0" _30="10679.2471" _31="12.4634943" _32="8516.941" _33="1" />
		<meshFilePath>nso_mod/meshes/structures/bridges/industrial_modular_bridge_middle.mesh</meshFilePath>
		<physMeshFilePath>nso_mod/meshes/structures/bridges/industrial_modular_bridge_middle.phys</physMeshFilePath>
	</StaticObject>
	<StaticObject>
		<id>StaticObject_54</id>
		<name>industrial_modular_bridge_middle.mesh</name>
		<createPhys>true</createPhys>
		<transform _00="0.0101722674" _01="0" _02="-0.999948263" _03="0" _10="0" _11="1" _12="0" _13="0" _20="0.999948263" _21="0" _22="0.0101722674" _23="0" _30="10704.6426" _31="12.4634943" _32="8517.205" _33="1" />
		<meshFilePath>nso_mod/meshes/structures/bridges/industrial_modular_bridge_middle.mesh</meshFilePath>
		<physMeshFilePath>nso_mod/meshes/structures/bridges/industrial_modular_bridge_middle.phys</physMeshFilePath>
	</StaticObject>
	<StaticObject>
		<id>StaticObject_55</id>
		<name>industrial_modular_bridge_cap.mesh</name>
		<createPhys>true</createPhys>
		<transform _00="0.0101717906" _01="0" _02="-0.999948263" _03="0" _10="0" _11="1" _12="0" _13="0" _20="0.999948263" _21="0" _22="0.0101717906" _23="0" _30="10704.4268" _31="12.4634943" _32="8517.227" _33="1" />
		<meshFilePath>nso_mod/meshes/structures/bridges/industrial_modular_bridge_cap.mesh</meshFilePath>
		<physMeshFilePath>nso_mod/meshes/structures/bridges/industrial_modular_bridge_cap.phys</physMeshFilePath>
	</StaticObject>
	<StaticObject>
		<id>StaticObject_0</id>
		<name>fort_lewin_stage.mesh</name>
		<createPhys>true</createPhys>
		<transform _00="1" _01="0" _02="0" _03="0" _10="0" _11="1" _12="0" _13="0" _20="0" _21="0" _22="1" _23="0" _30="13599.7139" _31="29.4691334" _32="8617.519" _33="1" />
		<meshFilePath>nso_mod/meshes/structures/buildings/fort_lewin_stage.mesh</meshFilePath>
		<physMeshFilePath>nso_mod/meshes/structures/buildings/fort_lewin_stage.phys</physMeshFilePath>
	</StaticObject>
	<StaticObject>
		<id>StaticObject_1</id>
		<name>castle_building.mesh</name>
		<createPhys>true</createPhys>
		<transform _00="0.449777931" _01="0" _02="0.893140435" _03="0" _10="0" _11="1" _12="0" _13="0" _20="-0.893140435" _21="0" _22="0.449777931" _23="0" _30="13554.31" _31="23.47039" _32="8570.779" _33="1" />
		<meshFilePath>nso_mod/meshes/structures/buildings/castle_building.mesh</meshFilePath>
		<physMeshFilePath>nso_mod/meshes/structures/buildings/castle_building.phys</physMeshFilePath>
	</StaticObject>
	<StaticObject>
		<id>StaticObject_2</id>
		<name>clutter_covered.mesh</name>
		<createPhys>true</createPhys>
		<transform _00="-0.455768615" _01="0" _02="-0.8900983" _03="0" _10="0" _11="1" _12="0" _13="0" _20="0.8900983" _21="0" _22="-0.455768615" _23="0" _30="13565.8125" _31="16.0436363" _32="8578.59" _33="1" />
		<meshFilePath>nso_mod/meshes/decoration/clutter/clutter_covered.mesh</meshFilePath>
	</StaticObject>
	<StaticObject>
		<id>StaticObject_3</id>
		<name>rusted_explosive_material.mesh</name>
		<createPhys>true</createPhys>
		<transform _00="0.9873918" _01="0" _02="-0.15829505" _03="0" _10="0" _11="1" _12="0" _13="0" _20="0.15829505" _21="0" _22="0.9873918" _23="0" _30="13580.0879" _31="18.3608246" _32="8767.303" _33="1" />
		<meshFilePath>nso_mod/meshes/decoration/clutter/rusted_explosive_material.mesh</meshFilePath>
	</StaticObject>
	<StaticObject>
		<id>StaticObject_4</id>
		<name>island_11_building.mesh</name>
		<createPhys>true</createPhys>
		<transform _00="1" _01="0" _02="0" _03="0" _10="0" _11="1" _12="0" _13="0" _20="0" _21="0" _22="1" _23="0" _30="13609.7627" _31="4.016529" _32="8351.198" _33="1" />
		<meshFilePath>meshes/island_11_building.mesh</meshFilePath>
	</StaticObject>
	<StaticObject>
		<id>StaticObject_5</id>
		<name>wall_straight_long.mesh</name>
		<createPhys>true</createPhys>
		<transform _00="1" _01="0" _02="0" _03="0" _10="0" _11="1" _12="0" _13="0" _20="0" _21="0" _22="1" _23="0" _30="13629.4678" _31="4.028063" _32="8366.522" _33="1" />
		<meshFilePath>nso_mod/meshes/decoration/wall_straight_long.mesh</meshFilePath>
	</StaticObject>
	<StaticObject>
		<id>StaticObject_6</id>
		<name>rocks_slab_small_01.mesh</name>
		<createPhys>true</createPhys>
		<transform _00="1.03391087" _01="0.692917764" _02="-0.7429629" _03="0" _10="-0.607630551" _11="1.27130771" _12="0.340092272" _13="0" _20="0.814195454" _21="0.06886564" _22="1.19726515" _23="0" _30="13457.43" _31="17.7700214" _32="8586.0625" _33="1" />
		<meshFilePath>nso_mod/meshes/nature/rocks_slab_small_01.mesh</meshFilePath>
		<physMeshFilePath>nso_mod/meshes/nature/rocks_slab_small_01.phys</physMeshFilePath>
	</StaticObject>
	<StaticObject>
		<id>StaticObject_7</id>
		<name>rocks_paralel_small_01.mesh</name>
		<createPhys>true</createPhys>
		<transform _00="-2.077967" _01="-0.205674663" _02="1.15793514" _03="0" _10="-0.235182822" _11="2.37609339" _12="4.89218976E-08" _13="0" _20="-1.15230441" _21="-0.114053637" _22="-2.0881207" _23="0" _30="13557.9766" _31="12.2622852" _32="8774.85" _33="1" />
		<meshFilePath>nso_mod/meshes/nature/rocks_paralel_small_01.mesh</meshFilePath>
	</StaticObject>
	<StaticObject>
		<id>StaticObject_8</id>
		<name>rocks_slab_small_01.mesh</name>
		<createPhys>true</createPhys>
		<transform _00="2.405148" _01="0" _02="0.30118075" _03="0" _10="0" _11="2.423932" _12="0" _13="0" _20="-0.30118075" _21="0" _22="2.405148" _23="0" _30="13502.74" _31="17.0967312" _32="8740.115" _33="1" />
		<meshFilePath>nso_mod/meshes/nature/rocks_slab_small_01.mesh</meshFilePath>
		<physMeshFilePath>nso_mod/meshes/nature/rocks_slab_small_01.phys</physMeshFilePath>
	</StaticObject>
	<StaticObject>
